                    1   2.8799639999965709E-005
                    2   3.6491917898673343E-005
                    3   7.5802232546773318E-005
                    4   5.4770947591653574E-005
                    5   1.4344293666074259E-004
                    6   7.8818524743340390E-005
                    7   2.1509872131703078E-004
                    8   1.8150530855065572E-004
                    9   4.5811592045619243E-004
                   10   1.3983523223648486E-004
                   11   3.9621095911057669E-004
                   12   4.4934864297729860E-004
                   13   1.0051439319184174E-003
                   14   3.8010325486892427E-004
                   15   1.0675168376544364E-003
                   16   1.1356391005663546E-003
                   17   2.6280310000734719E-003
                   18   5.3181700231796913E-004
                   19   1.5207199726492981E-003
                   20   1.8375075084564596E-003
                   21   3.9505923284720579E-003
                   22   2.2470385924697744E-003
                   23   6.1077666993339386E-003
                   24   4.9728014809646837E-003
                   25   1.2672271548097636E-002
                   26   4.6522249351066414E-003
                   27   1.3080062640885792E-002
                   28   1.4029768803142106E-002
                   29   3.2319652952338518E-002
                   30   7.2824834741921363E-003
                   31   2.0739385398648613E-002
                   32   2.4378208549201585E-002
                   33   5.3299683975571832E-002
                   34   2.5906365855119851E-002
                   35   7.1073297461310914E-002
                   36   6.3088821076564106E-002
                   37  0.15477567716611246     
                   38   2.4009913647893288E-002
                   39   6.5132558870130641E-002
                   40   5.2314736109919213E-002
                   41  0.13235323935462734     
                   42   4.4740359134560204E-002
                   43  0.12121741280173748     
                   44   9.7369952337363785E-002
                   45  0.23974099649833452     
                   46   5.0961084559941305E-002
                   47  0.12663649884045863     
                   48   2.8411364143227980E-002
                   49   7.8157225956207943E-002
                   50   7.1044546892287674E-002
                   51  0.17244503647881521     
                   52   1.6994762333796487E-002
                   53   4.5587534484765879E-002
                   54   3.2806166170106676E-002
                   55   8.5545336163044994E-002
                   56   4.5061958538221925E-002
                   57  0.12138973716069301     
                   58   9.2443986702956615E-002
                   59  0.23060497027450683     
                   60   6.6122624265542940E-002
                   61  0.16492924635330652     
                   62   4.2730271950559562E-002
                   63  0.11409715055547431     
                   64   7.9495975656578399E-002
                   65  0.20294682299356204     
                   66   8.5166624178815820E-002
                   67  0.21505019931035435     
                   68   7.6331392257889874E-002
                   69  0.19215118709960816     
                   70   6.2684889894551121E-002
                   71  0.16219921671611987     
                   72   7.9984620147292351E-002
                   73  0.20699490444150981     
                   74  0.10559986067521787     
                   75  0.26106631597786223     
                   76   6.4797138394898091E-002
                   77  0.15600231805029119     
                   78   7.0754336614332614E-003
                   79   1.9254161895549016E-002
                   80   1.5845756929247612E-002
                   81   4.0231601932298078E-002
                   82   1.3870383299854794E-002
                   83   3.8976896327463817E-002
                   84   4.1686703626258814E-002
                   85   9.5805024939690342E-002
                   86   2.1828420656592407E-002
                   87   6.1000976092679238E-002
                   88   6.2702228213495026E-002
                   89  0.14594629072961302     
                   90   2.1255743081150191E-002
                   91   5.8057262802362897E-002
                   92   4.9529469302514895E-002
                   93  0.12353919503371635     
                   94   3.0459081066176563E-002
                   95   8.3784045327280510E-002
                   96   7.6177272770005300E-002
                   97  0.18443894334947825     
                   98   1.6352597368698207E-002
                   99   4.3426525598411869E-002
                  100   2.8137380263415723E-002
                  101   7.4785569056130263E-002
                  102   4.9154564653928201E-002
                  103  0.12916610255745714     
                  104   7.5975793529515112E-002
                  105  0.19745329945206330     
                  106  0.10554643691879517     
                  107  0.26222940385487131     
                  108   7.3041570680625001E-002
                  109  0.17497949135200835     
                  110   4.2095113484249547E-003
                  111   1.1286992822558906E-002
                  112   8.0681547490707439E-003
                  113   2.1168349107141493E-002
                  114   1.1902970813877256E-002
                  115   3.2364242609369154E-002
                  116   2.6454966604366636E-002
                  117   6.7172604716843332E-002
                  118   2.3384544969661358E-002
                  119   6.5246745422757157E-002
                  120   6.6294258657236704E-002
                  121  0.15487865101039516     
                  122   1.8978059060242192E-002
                  123   5.1564416111794020E-002
                  124   4.1948982421935122E-002
                  125  0.10620887901281045     
                  126   3.5745253963728629E-002
                  127   9.8309044518178790E-002
                  128   8.9487571748914085E-002
                  129  0.21504571209618212     
                  130   1.2749318618082928E-002
                  131   3.2875101879555224E-002
                  132   1.4648599497304238E-002
                  133   4.0631176599300212E-002
                  134   3.9337633293886287E-002
                  135   9.4435168288961258E-002
                  136   1.0901292123957074E-003
                  137   3.0765024065503299E-003
                  138   3.3910997763678674E-003
                  139   7.7061120787985660E-003
                  140   2.2956972413260557E-003
                  141   6.5088553780062175E-003
                  142   7.4157371485591428E-003
                  143   1.6542199817762282E-002
                  144   6.4788845603309664E-003
                  145   1.8150781674179106E-002
                  146   1.8959468096293453E-002
                  147   4.4219524458283033E-002
                  148   6.9785098351331509E-003
                  149   1.9922783168489666E-002
                  150   2.3817194337533043E-002
                  151   5.1512957571671070E-002
                  152   2.7681500484844856E-002
                  153   7.5249991464868660E-002
                  154   6.1695485604253530E-002
                  155  0.15468355064998918     
                  156   4.4505013642071156E-002
                  157  0.11943199168957164     
                  158   8.7614009706105000E-002
                  159  0.22065525062890007     
                  160   7.5275392605250624E-002
                  161  0.18866324928310430     
                  162   5.6128402907415942E-002
                  163  0.14621994513881814     
                  164   7.8034701538575613E-002
                  165  0.20281597503488191     
                  166  0.10890933808410130     
                  167  0.26892684756607577     
                  168   6.6025445521005088E-002
                  169  0.15722091481529499     
                  170   2.6183721753749722E-003
                  171   7.1211501075930661E-003
                  172   5.8278805518907628E-003
                  173   1.4830732202275765E-002
                  174   5.3123413273192810E-003
                  175   1.4951168979534246E-002
                  176   1.6157246405771430E-002
                  177   3.7074903373772283E-002
                  178   9.1072566704973879E-003
                  179   2.5873008073095338E-002
                  180   2.9908086557723590E-002
                  181   6.6023412095198908E-002
                  182   2.8890444751429545E-002
                  183   7.9622513309009713E-002
                  184   7.3509039322735559E-002
                  185  0.17735904756106080     
                  186   1.1652521188093345E-002
                  187   3.1158904131747600E-002
                  188   2.1687600564935128E-002
                  189   5.7070450351315916E-002
                  190   3.3408294763392021E-002
                  191   8.9786645859549874E-002
                  192   6.6326263006587838E-002
                  193  0.16945793621719368     
                  194   6.9867658072921723E-002
                  195  0.18227943502253341     
                  196  0.10114233928759042     
                  197  0.25394349422073065     
                  198   8.5891508899611613E-002
                  199  0.20656240284266425     
                  200   1.2317482738542607E-002
                  201   3.2046804683203423E-002
                  202   1.6199376491683237E-002
                  203   4.4476755357137243E-002
                  204   3.9620664200144651E-002
                  205   9.7879032644253794E-002
                  206   1.7776724442642333E-002
                  207   4.9800192850646186E-002
                  208   5.2093188285296188E-002
                  209  0.12069081600042103     
                  210   2.1552424328904807E-002
                  211   5.9693015667578730E-002
                  212   5.7217828364719225E-002
                  213  0.13718064129287211     
                  214   2.0927572491629132E-003
                  215   5.7716980308131771E-003
                  216   5.3281067896390200E-003
                  217   1.3073506211554731E-002
                  218   1.7057504993556183E-003
                  219   4.8961533972796123E-003
                  220   6.0690841231578752E-003
                  221   1.2815405703226923E-002
                  222   8.3346170396707553E-003
                  223   2.2232192668287021E-002
                  224   1.5075667487152389E-002
                  225   3.9903585044832823E-002
                  226   2.4918893935613751E-002
                  227   6.6650460995038463E-002
                  228   4.6723478147595920E-002
                  229  0.12173791349108443     
                  230   6.4333062285135578E-002
                  231  0.17011804284790161     
                  232  0.10939741774324307     
                  233  0.27192914020730979     
                  234   7.8017307255352608E-002
                  235  0.18409562592854617     
                  236   1.0405269474236589E-002
                  237   2.7665402653792304E-002
                  238   1.8128519900878048E-002
                  239   4.8228134989987459E-002
                  240   3.1871561427432193E-002
                  241   8.4350206296542052E-002
                  242   5.3034301509201076E-002
                  243  0.13981106399544568     
                  244   8.5718503203856544E-002
                  245  0.21990115767496560     
                  246  0.10076284315116102     
                  247  0.24804461867026623     
                  248   5.3502211339940153E-002
                  249  0.13151101935972082     
                  250   2.0982533614146037E-002
                  251   5.7811063990878930E-002
                  252   5.3094536243039836E-002
                  253  0.12937015784602390     
                  254   1.3813833706420753E-002
                  255   3.8206934775184553E-002
                  256   3.6150950411571348E-002
                  257   8.7590305746976793E-002
                  258   5.5796881143320709E-003
                  259   1.5780786724669704E-002
                  260   1.7670029576813295E-002
                  261   3.9784109800587775E-002
                  262   1.3659705275042677E-002
                  263   3.8394705887112246E-002
                  264   4.1140261533566647E-002
                  265   9.4473757487251064E-002
                  266   2.1950716669886683E-002
                  267   6.1356017544342112E-002
                  268   6.3173022567133530E-002
                  269  0.14691221329030196     
                  270   2.2042854904259612E-002
                  271   6.0152410020219926E-002
                  272   5.0922291521493412E-002
                  273  0.12721539780097252     
                  274   3.2741424738346403E-002
                  275   8.9777300877931177E-002
                  276   7.9565571284212822E-002
                  277  0.19374595149459101     
                  278   2.4363777397816921E-002
                  279   6.4048725082021807E-002
                  280   3.7101735883130593E-002
                  281   9.9641851613345656E-002
                  282   7.3261386675909090E-002
                  283  0.18647727344409082     
                  284   7.3515253883050580E-002
                  285  0.18944562076231675     
                  286   9.0057492851153609E-002
                  287  0.22824575944463532     
                  288   8.7705880996896135E-002
                  289  0.21650976837860963     
                  290   4.6941902325603468E-002
                  291  0.11983031696569307     
                  292   4.7034752331771679E-002
                  293  0.12746037596370358     
                  294  0.10275427121256597     
                  295  0.25172462281670938     
                  296   4.7604191370919313E-002
                  297  0.11670221025268562     
                  298   1.6296109019738547E-002
                  299   4.5335723301916653E-002
                  300   4.4949189731237404E-002
                  301  0.10676201891627068     
                  302   4.9311888993220920E-003
                  303   1.3832346971833720E-002
                  304   1.4584495395795649E-002
                  305   3.3878407878483729E-002
                  306   6.1210202150510096E-003
                  307   1.7483106864394915E-002
                  308   2.0967457903695363E-002
                  309   4.5265833229071850E-002
                  310   2.4751816330156329E-002
                  311   6.7256176081663899E-002
                  312   5.4855298735968283E-002
                  313  0.13812962724888755     
                  314   4.2798624969841881E-002
                  315  0.11591413992329253     
                  316   9.2671042272740922E-002
                  317  0.22920792021929914     
                  318   5.3721703739512350E-002
                  319  0.13495418577872020     
                  320   3.9679183635467741E-002
                  321  0.10787811235091382     
                  322   8.9110112069319625E-002
                  323  0.21951638213109265     
                  324   4.5153409935862032E-002
                  325  0.11498722991559768     
                  326   4.3209023893019283E-002
                  327  0.11768922182713182     
                  328   9.9026039012817257E-002
                  329  0.24125253401672503     
                  330   3.6479662661942913E-002
                  331   9.0885935099933146E-002
                  332   2.1103235364211659E-002
                  333   5.9078852702371232E-002
                  334   6.1532502459535898E-002
                  335  0.14244703951751153     
                  336   2.5053454446477330E-002
                  337   6.8472257581796481E-002
                  338   5.8806651886064154E-002
                  339  0.14588851502359207     
                  340   3.2042172704197291E-002
                  341   8.7089455790044623E-002
                  342   7.1440857313239792E-002
                  343  0.17820157099201533     
                  344   4.7057813424472794E-002
                  345  0.12420231042418600     
                  346   7.6688585335796366E-002
                  347  0.19857869091403957     
                  348  0.10140396572515387     
                  349  0.25291060225972190     
                  350   7.5082687599848708E-002
                  351  0.18180878940592493     
                  352   1.6041810947847623E-002
                  353   4.2701930615756500E-002
                  354   2.8378089128513362E-002
                  355   7.5127090423287191E-002
                  356   4.7291202604054616E-002
                  357  0.12509951935794500     
                  358   7.9226019443310980E-002
                  359  0.20424877961499555     
                  360   9.8825543635097435E-002
                  361  0.24633406359932591     
                  362   7.1400518931898582E-002
                  363  0.17455879932734381     
                  364   2.4703222072005815E-002
                  365   6.6020242930661666E-002
                  366   4.5895817318015286E-002
                  367  0.11979357277044850     
                  368   6.4689946266095144E-002
                  369  0.17085923952757298     
                  370  0.10851140770798295     
                  371  0.27010214157800505     
                  372   7.9479272711738935E-002
                  373  0.18788559231799945     
                  374   8.4397286150441619E-003
                  375   2.2367311986039751E-002
                  376   1.4143955375537698E-002
                  377   3.7860896494136542E-002
                  378   2.6653804941863313E-002
                  379   6.9910483807676838E-002
                  380   3.9459385260602553E-002
                  381  0.10610786816454237     
                  382   7.9109558555403581E-002
                  383  0.20007710585518945     
                  384   7.1780298985391067E-002
                  385  0.18348800116526354     
                  386   7.7171536740344937E-002
                  387  0.19859232471184279     
                  388   9.3289696627487761E-002
                  389  0.23453972616349922     
                  390   7.8980625597748877E-002
                  391  0.19483280785007501     
                  392   3.9566486607490070E-002
                  393  0.10340304701744879     
                  394   5.6362277764222535E-002
                  395  0.15004551173264058     
                  396  0.10265186670618243     
                  397  0.25663879986994270     
                  398   8.0457501330836512E-002
                  399  0.19342482593321070     
                  400   1.0001006283023917E-002
                  401   2.6364912838403198E-002
                  402   1.5700092167534652E-002
                  403   4.2361837835387939E-002
                  404   3.2267561266033806E-002
                  405   8.3194425571796016E-002
                  406   3.7477448131185032E-002
                  407  0.10245148734933202     
                  408   8.8683513806378178E-002
                  409  0.21615183313446146     
                  410   3.0536991491165622E-002
                  411   7.8396535104179377E-002
                  412   3.3041492410989304E-002
                  413   9.0908938741429912E-002
                  414   8.2914126944145128E-002
                  415  0.19986637228559523     
                  416   1.3962238148348960E-002
                  417   3.6562999418450870E-002
                  418   2.0112365715337921E-002
                  419   5.4706566636853915E-002
                  420   4.4965911304426287E-002
                  421  0.11344035946091852     
                  422   3.5777065167777233E-002
                  423   9.8275225112964659E-002
                  424   8.8542355505091708E-002
                  425  0.21352420589666538     
                  426   1.6779850011640729E-002
                  427   4.3316716658027610E-002
                  428   1.9658163086630487E-002
                  429   5.4352132586290514E-002
                  430   5.1348554135089541E-002
                  431  0.12398578902200952     
                  432   6.4735481471998035E-003
                  433   1.7990141192562592E-002
                  434   1.7661944024874532E-002
                  435   4.2317656531172754E-002
                  436   3.2244453048757560E-004
                  437   9.2488915062688415E-004
                  438   1.1410953153077052E-003
                  439   2.4178750221669487E-003
                  440   1.5356113047236830E-003
                  441   4.1127988164156859E-003
                  442   2.9061457952449521E-003
                  443   7.6438648925348796E-003
                  444   4.4268645153846542E-003
                  445   1.2005302726008305E-002
                  446   9.5728149654541461E-003
                  447   2.4517480632355204E-002
                  448   9.8157211406788569E-003
                  449   2.7444386780304697E-002
                  450   2.8249250457098696E-002
                  451   6.6254723736261345E-002
                  452   8.2465229466253120E-003
                  453   2.3451534599734591E-002
                  454   2.7299109323629112E-002
                  455   6.0028354582227661E-002
                  456   2.7466729723128802E-002
                  457   7.5587566258633943E-002
                  458   6.8902079340310451E-002
                  459  0.16726063362405252     
                  460   1.6252942705170415E-002
                  461   4.3785323774520157E-002
                  462   3.2861434006771773E-002
                  463   8.4977772614053482E-002
                  464   3.9985985125428836E-002
                  465  0.10886182548763840     
                  466   9.1047955726985208E-002
                  467  0.22338206367931213     
                  468   4.0976805874995526E-002
                  469  0.10407396314910494     
                  470   3.7075204341235235E-002
                  471  0.10182183899862501     
                  472   9.1655174934759720E-002
                  473  0.22067634973039185     
                  474   1.6086934383869766E-002
                  475   4.1211179448062074E-002
                  476   1.6609513691044353E-002
                  477   4.6303609382706945E-002
                  478   4.6657190835496576E-002
                  479  0.11003825114329674     
                  480   9.3280281546559429E-003
                  481   2.6099304299653070E-002
                  482   2.7007829423478125E-002
                  483   6.3202906665689562E-002
                  484   8.6636018522907587E-003
                  485   2.4645521709162455E-002
                  486   2.8753989239204247E-002
                  487   6.3128428621801680E-002
                  488   2.9329793854006581E-002
                  489   8.0546856478421802E-002
                  490   7.2211098447805044E-002
                  491  0.17591299398167126     
                  492   2.1297007955632608E-002
                  493   5.6908703787640902E-002
                  494   3.9444552161854829E-002
                  495  0.10329764193729324     
                  496   5.7759422844628427E-002
                  497  0.15332403240831538     
                  498  0.10194192315318529     
                  499  0.25553113818372314     
                  500   8.4056800248861752E-002
                  501  0.20196974894147496     
                  502   1.0594013439613970E-002
                  503   2.7695861383618070E-002
                  504   1.4900172550106228E-002
                  505   4.0682110207165167E-002
                  506   3.4528480834626674E-002
                  507   8.6635297283544188E-002
                  508   2.3868776574984873E-002
                  509   6.6675296137483631E-002
                  510   6.8359745838881714E-002
                  511  0.15897810487653402     
                  512   2.3129373530844322E-002
                  513   6.2579778692170962E-002
                  514   4.9044579468864868E-002
                  515  0.12494204158835220     
                  516   4.7542394936765930E-002
                  517  0.12867101079820020     
                  518  0.10256063791353620     
                  519  0.25179151142951889     
                  520   5.0810706437264597E-002
                  521  0.12442595621349689     
                  522   1.6806707950645983E-002
                  523   4.6563914239272308E-002
                  524   4.4692919614911952E-002
                  525  0.10750095332925524     
                  526   2.7665753174077601E-003
                  527   7.7596434670062497E-003
                  528   8.1744234546975436E-003
                  529   1.9003308661218465E-002
                  530   3.3709504047437777E-003
                  531   9.6474130802636227E-003
                  532   1.1725330291044167E-002
                  533   2.5101767522874407E-002
                  534   1.4748891012862142E-002
                  535   3.9870696616155055E-002
                  536   3.0912892172612949E-002
                  537   7.9419290857487945E-002
                  538   3.3865271037704203E-002
                  539   9.3069034337343315E-002
                  540   8.4113330619395521E-002
                  541  0.20317305324329754     
                  542   1.6881449574106644E-002
                  543   4.4044686315220849E-002
                  544   2.3142810356358567E-002
                  545   6.3165662163942260E-002
                  546   5.3579928023176682E-002
                  547  0.13364902463560546     
                  548   3.3356618813872307E-002
                  549   9.1167235948583836E-002
                  550   7.8599764891651325E-002
                  551  0.19292241829801071     
                  552   3.3239773007230466E-002
                  553   8.7220417407138096E-002
                  554   4.9697205841782499E-002
                  555  0.13261075552399254     
                  556   9.2312409240073334E-002
                  557  0.23297407058843550     
                  558   8.3845979064056109E-002
                  559  0.20655655781463422     
                  560   4.1317489060676893E-002
                  561  0.10674459466979741     
                  562   4.9994069872945968E-002
                  563  0.13480837565118087     
                  564  0.10403406349320410     
                  565  0.25638806019098848     
                  566   5.8179986436254771E-002
                  567  0.14127796941007748     
                  568   1.2748097014647630E-002
                  569   3.5013815775042367E-002
                  570   3.1265086543188825E-002
                  571   7.7330709835337852E-002
                  572   1.4318547650179037E-002
                  573   4.0437114261161256E-002
                  574   4.4849588758379966E-002
                  575  0.10110582799698004     
                  576   3.2956552330890343E-002
                  577   9.0980967367759735E-002
                  578   8.5302592863692572E-002
                  579  0.20360250283786985     
                  580   3.1808173047270794E-003
                  581   8.3059288473567028E-003
                  582   4.3971170629814038E-003
                  583   1.2045565509753942E-002
                  584   1.0507896731127175E-002
                  585   2.6254676756521156E-002
                  586   6.3571051789099720E-003
                  587   1.8093715193629567E-002
                  588   2.1183106887941783E-002
                  589   4.6445188539905646E-002
                  590   2.1988878932135303E-002
                  591   6.0556278676019426E-002
                  592   5.5424385074078542E-002
                  593  0.13509097259146491     
                  594   1.4906805284615854E-002
                  595   4.1078006769299791E-002
                  596   3.7720130961529708E-002
                  597   9.2318831715276606E-002
                  598   1.1472533788173811E-002
                  599   3.2318711148148382E-002
                  600   3.5186694867094692E-002
                  601   8.0245141358128325E-002
                  602   2.1787749664502698E-002
                  603   6.1036491336087517E-002
                  604   6.3907299289108321E-002
                  605  0.14748006720449969     
                  606   2.8132124066303166E-002
                  607   7.6543695714425264E-002
                  608   6.3277142504951644E-002
                  609  0.15821400179552486     
                  610   4.2999621037184022E-002
                  611  0.11527605927899881     
                  612   8.3631906700381231E-002
                  613  0.21164897613381184     
                  614   7.7801321699060511E-002
                  615  0.19622762341505445     
                  616   6.6693277524588090E-002
                  617  0.17158363311768449     
                  618   7.8634470220188324E-002
                  619  0.20320793790747793     
                  620  0.10142868983878872     
                  621  0.25233928977315617     
                  622   7.0998624135990118E-002
                  623  0.17237067435109710     
                  624   1.7198831271755588E-002
                  625   4.6135704420718238E-002
                  626   3.3208243822578587E-002
                  627   8.6579037746164877E-002
                  628   4.5521056110529035E-002
                  629  0.12259762365129512     
                  630   9.3187608074395745E-002
                  631  0.23238392213076214     
                  632   6.6367640244147430E-002
                  633  0.16520783748428863     
                  634   4.0774468161950073E-002
                  635  0.10897712215284028     
                  636   7.6543748755191432E-002
                  637  0.19567429910262685     
                  638   8.3256472966622974E-002
                  639  0.21158568885026430     
                  640   8.3407808430987385E-002
                  641  0.20953725615096175     
                  642   6.7190154212168340E-002
                  643  0.17093703975714913     
                  644   6.5882941696382202E-002
                  645  0.17237498635069493     
                  646   9.8401287935001802E-002
                  647  0.24841608012743149     
                  648   9.1751685256917237E-002
                  649  0.22129654225842693     
                  650   1.8411652939615553E-002
                  651   4.7119090570008959E-002
                  652   1.8703798207067246E-002
                  653   5.2124295627588080E-002
                  654   5.2409733332985819E-002
                  655  0.12352466420135300     
                  656   1.0463119320185177E-002
                  657   2.9061716706658802E-002
                  658   2.8424377572491610E-002
                  659   6.8110981449291008E-002
                  660   2.6128485731102824E-004
                  661   7.4464387644374019E-004
                  662   8.7946497766688836E-004
                  663   1.9194776749522635E-003
                  664   9.5634000358002513E-004
                  665   2.6355390774097098E-003
                  666   2.4178115325343974E-003
                  667   5.9457727249543901E-003
                  668   8.5475794505984748E-004
                  669   2.4526745883292622E-003
                  670   3.0335680264681475E-003
                  671   6.4162191102359323E-003
                  672   4.1267361657466584E-003
                  673   1.1030343819351418E-002
                  674   7.6363241193151410E-003
                  675   2.0156618702234452E-002
                  676   1.2175505974508005E-002
                  677   3.2812161002859330E-002
                  678   2.4684258335599507E-002
                  679   6.3933545160818950E-002
                  680   3.0568957434864763E-002
                  681   8.3734665074151171E-002
                  682   7.3492197051541419E-002
                  683  0.18001214652659542     
                  684   2.7864313262335627E-002
                  685   7.4064445044646876E-002
                  686   4.8706124776479620E-002
                  687  0.12801055052415111     
                  688   7.5417430704712962E-002
                  689  0.19610532412237008     
                  690  0.10541574054231251     
                  691  0.26209711232622412     
                  692   7.4146972448260628E-002
                  693  0.17757022384646842     
                  694   4.1298818776615009E-003
                  695   1.1049116800529557E-002
                  696   7.7234770703448197E-003
                  697   2.0350584058392962E-002
                  698   1.2042124668083853E-002
                  699   3.2540735007843324E-002
                  700   2.5121303828599673E-002
                  701   6.4691118981841211E-002
                  702   2.8450344539299399E-002
                  703   7.8414130267030924E-002
                  704   7.2415100769409935E-002
                  705  0.17479078449546093     
                  706   1.1717358102952824E-002
                  707   3.1399909939428816E-002
                  708   2.2340809736372202E-002
                  709   5.8544092272276971E-002
                  710   3.2594096189434651E-002
                  711   8.8095590733580753E-002
                  712   6.8667896273507667E-002
                  713  0.17344980685207889     
                  714   5.9094016968080143E-002
                  715  0.15524073150645235     
                  716   9.2092934425966666E-002
                  717  0.23464129743199746     
                  718   9.8735046376337565E-002
                  719  0.24039030807719886     
                  720   3.5350661538647299E-002
                  721   8.8190156922608343E-002
                  722   2.1158820925592514E-002
                  723   5.9262055670592451E-002
                  724   6.1940600465976936E-002
                  725  0.14314612397737919     
                  726   2.6442809424860769E-002
                  727   7.2193039426564909E-002
                  728   6.1465980997283731E-002
                  729  0.15266776367931123     
                  730   3.4969300407497017E-002
                  731   9.4512740746740709E-002
                  732   7.3749372883010866E-002
                  733  0.18567683459321954     
                  734   6.0267768228634777E-002
                  735  0.15693237466084586     
                  736   8.3760024307201086E-002
                  737  0.21593137136280788     
                  738  0.10547023868552041     
                  739  0.25930625593483159     
                  740   5.5588349309958485E-002
                  741  0.13459654579292035     
                  742   9.6090062179736702E-003
                  743   2.6521419081024622E-002
                  744   2.4653242894114413E-002
                  745   6.0237768802678948E-002
                  746   6.5685485965804036E-003
                  747   1.8723920247525505E-002
                  748   2.2151763632818011E-002
                  749   4.8244268444318394E-002
                  750   2.4373087165708740E-002
                  751   6.6716533205393003E-002
                  752   5.8061013622871305E-002
                  753  0.14355451893371390     
                  754   2.8483482710590868E-002
                  755   7.7668088346402597E-002
                  756   6.5467366736358779E-002
                  757  0.16272962370448457     
                  758   3.8571197513358357E-002
                  759  0.10338287602125995     
                  760   7.4609250863146293E-002
                  761  0.19027831110766830     
                  762   7.7665168724018185E-002
                  763  0.19898487062005116     
                  764   8.7798068474475910E-002
                  765  0.22178517650859508     
                  766   7.9953075926696315E-002
                  767  0.19958511321996297     
                  768   5.5310136923070852E-002
                  769  0.14289235500355801     
                  770   6.8158964701082070E-002
                  771  0.17952578513007827     
                  772  0.11110695383067148     
                  773  0.27550519649808386     
                  774   7.5571117116671194E-002
                  775  0.17763199195823287     
                  776   1.4299891205094895E-002
                  777   3.8213533402435884E-002
                  778   2.6440188767266726E-002
                  779   6.9568636303210307E-002
                  780   4.0771278545185030E-002
                  781  0.10914087798607525     
                  782   7.7892142992118552E-002
                  783  0.19848002789690439     
                  784   8.0547605280300028E-002
                  785  0.20478253696482929     
                  786   8.0661197390951012E-002
                  787  0.20412783467795143     
                  788   7.4371093758943574E-002
                  789  0.18917179584546906     
                  790   7.3936363370208924E-002
                  791  0.19014421772120643     
                  792   8.7906712752856997E-002
                  793  0.22318184383346046     
                  794   8.7699563888441356E-002
                  795  0.21749711236816349     
                  796   5.3308782452506365E-002
                  797  0.13558696271740006     
                  798   5.0563614673907575E-002
                  799  0.13608371244333217     
                  800  0.10318056619901972     
                  801  0.25511953672110221     
                  802   6.2695515792775325E-002
                  803  0.15222762376816068     
                  804   1.4183940801399952E-002
                  805   3.8658280621222951E-002
                  806   3.2297802182260749E-002
                  807   8.1432820160180219E-002
                  808   2.4858626206636258E-002
                  809   6.9366396836010036E-002
                  810   7.0564346838885461E-002
                  811  0.16451380215040323     
                  812   2.1389789705582363E-002
                  813   5.7670461964455799E-002
                  814   4.3692590448511481E-002
                  815  0.11235332809731280     
                  816   4.9272452144513146E-002
                  817  0.13313606499444114     
                  818  0.10467665123884995     
                  819  0.25709165727790817     
                  820   5.3245428632821112E-002
                  821  0.12939973110119302     
                  822   1.1831031282439897E-002
                  823   3.2740217141306815E-002
                  824   3.1100896529621669E-002
                  825   7.5322358280094259E-002
                  826   4.4438208069892404E-003
                  827   1.2627097491253181E-002
                  828   1.4611783356627939E-002
                  829   3.2283826705009067E-002
                  830   1.4134142191581489E-002
                  831   3.9256279503875779E-002
                  832   3.8404108761110556E-002
                  833   9.1842897196956652E-002
                  834   9.9554184734929052E-004
                  835   2.8126861511815759E-003
                  836   3.1252170170226190E-003
                  837   7.0713059183307170E-003
                  838   2.2636653697957199E-003
                  839   6.4026362908097822E-003
                  840   7.1713553045804623E-003
                  841   1.6153219097018501E-002
                  842   5.5384523566660571E-003
                  843   1.5615828794385722E-002
                  844   1.7100449954702612E-002
                  845   3.8969000717297031E-002
                  846   1.0972671105250353E-002
                  847   3.1058337852246598E-002
                  848   3.4993271377246393E-002
                  849   7.8350933410710533E-002
                  850   2.8632615613929380E-002
                  851   7.9411033230011696E-002
                  852   7.7133188906886696E-002
                  853  0.18260582337292852     
                  854   7.1460637071910638E-003
                  855   1.9031106777657347E-002
                  856   1.2684992389510596E-002
                  857   3.3685191643523793E-002
                  858   2.1791742140255144E-002
                  859   5.8039955742263616E-002
                  860   3.8881325711501491E-002
                  861  0.10240501678316311     
                  862   6.1259242868865305E-002
                  863  0.16130298140146293     
                  864   9.8552865446537630E-002
                  865  0.24882144265252187     
                  866   9.2094243915022300E-002
                  867  0.22197608652099365     
                  868   1.7706368992833288E-002
                  869   4.5284518368256810E-002
                  870   1.7774354100096312E-002
                  871   4.9584793093056245E-002
                  872   5.0239790037017173E-002
                  873  0.11810224429036437     
                  874   1.1878955688695014E-002
                  875   3.3077637368944313E-002
                  876   3.3004705957567770E-002
                  877   7.8389888418477049E-002
                  878   4.1046250038223597E-003
                  879   1.1652249245418689E-002
                  880   1.3394603201979272E-002
                  881   2.9714738381255157E-002
                  882   1.2425608890394457E-002
                  883   3.4628285376932466E-002
                  884   3.4775865631685554E-002
                  885   8.2347816755017844E-002
                  886   5.6448541225688764E-003
                  887   1.5995871598644629E-002
                  888   1.8157852149716769E-002
                  889   4.0565538440138327E-002
                  890   1.5511254494237514E-002
                  891   4.3373056382656483E-002
                  892   4.4718229000022092E-002
                  893  0.10447585719453034     
                  894   1.4402890314775818E-002
                  895   4.0324736766380043E-002
                  896   4.1965623391821194E-002
                  897   9.7693589659707203E-002
                  898   1.5526256511824599E-002
                  899   4.3559309602054730E-002
                  900   4.6044322569884000E-002
                  901  0.10631765387069619     
                  902   2.1311962422754127E-002
                  903   5.9389245946972646E-002
                  904   5.9726997841439644E-002
                  905  0.14044452617900749     
                  906   1.2955423094690888E-002
                  907   3.5600589616000322E-002
                  908   3.1921124732134931E-002
                  909   7.8838801824878957E-002
                  910   1.3919738260530501E-002
                  911   3.9311241822663101E-002
                  912   4.3601247498414097E-002
                  913   9.8316546737782562E-002
                  914   3.1991144523059956E-002
                  915   8.8437097897591743E-002
                  916   8.3807659417557967E-002
                  917  0.19948705902983310     
                  918   3.1541012341351760E-004
                  919   8.2704527075988521E-004
                  920   4.6130481751893715E-004
                  921   1.2567969898306663E-003
                  922   1.0447580207305629E-003
                  923   2.6479092959361683E-003
                  924   8.7852240614205712E-004
                  925   2.4817517375291254E-003
                  926   2.7549413707841364E-003
                  927   6.2366968857415772E-003
                  928   1.9801873927084435E-003
                  929   5.6026293124937232E-003
                  930   6.2896028659574776E-003
                  931   1.4149486490488528E-002
                  932   4.9417361672798865E-003
                  933   1.3924400071062104E-002
                  934   1.5176410356945502E-002
                  935   3.4674856200149762E-002
                  936   9.3061427938230246E-003
                  937   2.6394027063678771E-002
                  938   3.0156749390333082E-002
                  939   6.7031352163726132E-002
                  940   2.7064972348735616E-002
                  941   7.4952938990570206E-002
                  942   7.1913857477221788E-002
                  943  0.17139375259618722     
                  944   1.0935456718160763E-003
                  945   2.9412270584289191E-003
                  946   2.1678234639797012E-003
                  947   5.6543872284083863E-003
                  948   2.9499447770331422E-003
                  949   8.0937713728414518E-003
                  950   7.1549632709181354E-003
                  951   1.7807558239059551E-002
                  952   3.8730337952227467E-003
                  953   1.1054774617004215E-002
                  954   1.3194895790672567E-002
                  955   2.8591710852257202E-002
                  956   1.5187765568401179E-002
                  957   4.1517561198509911E-002
                  958   3.5615032352483977E-002
                  959   8.9069411700097634E-002
                  960   2.2753154959427424E-002
                  961   6.3616988578576894E-002
                  962   6.5656575433991282E-002
                  963  0.15240206308828191     
                  964   2.4091820785012152E-002
                  965   6.5457434928618052E-002
                  966   5.3334773073675956E-002
                  967  0.13441883362817358     
                  968   4.2254758680063120E-002
                  969  0.11465863395505632     
                  970   9.3232738829256201E-002
                  971  0.22974572220551853     
                  972   4.8823191160271562E-002
                  973  0.12280913973916152     
                  974   3.6723387284507081E-002
                  975  0.10053244596291239     
                  976   8.8051755493203321E-002
                  977  0.21404923065721154     
                  978   2.6754874865674405E-002
                  979   6.8901658355267847E-002
                  980   3.0365452207336996E-002
                  981   8.3569526548019080E-002
                  982   7.6304956334791174E-002
                  983  0.18449735186287819     
                  984   1.4914197167214205E-002
                  985   3.9614467226976702E-002
                  986   2.5710961089126849E-002
                  987   6.8370875643243290E-002
                  988   4.5123801928709129E-002
                  989  0.11876215396148737     
                  990   7.0864298164223682E-002
                  991  0.18499714242859905     
                  992  0.10361932526296391     
                  993  0.25918980553481485     
                  994   8.2419822571538348E-002
                  995  0.19732285401079602     
                  996   5.9041843797870142E-003
                  997   1.5511739322906504E-002
                  998   8.8639387558607785E-003
                  999   2.4067120832709010E-002
                 1000   1.9412284416663095E-002
