  0.10000000000000001       0.35100000000000003     
  0.35100000000000003       0.88841610000000004     
  0.88841610000000004       0.38661843971708082     
  0.38661843971708082       0.92486402497246190     
  0.92486402497246190       0.27101318510837719     
  0.27101318510837719       0.77050365056257963     
  0.77050365056257963       0.68962832262603946     
  0.68962832262603946       0.83476028710633521     
  0.83476028710633521       0.53794864568828771     
  0.53794864568828771       0.96938361113265670     
  0.96938361113265670       0.11574819984026098     
  0.11574819984026098       0.39916716088859999     
  0.39916716088859999       0.93534768037126448     
  0.93534768037126448       0.23584234906190144     
  0.23584234906190144       0.70286086825837601     
  0.70286086825837601       0.81450512570488554     
  0.81450512570488554       0.58923745103088121     
  0.58923745103088121       0.94394304160069320     
  0.94394304160069320       0.20636684567586822     
  0.20636684567586822       0.63874032565847627     
  0.63874032565847627       0.89992937594110178     
  0.89992937594110178       0.35122032761150740     
  0.35122032761150740       0.88867197542749399     
  0.88867197542749399       0.38584297251742911     
  0.38584297251742911       0.92417587499773990     
  0.92417587499773990       0.27329182557261678     
  0.27329182557261678       0.77455327422643239     
  0.77455327422643239       0.68101994848502712     
  0.68101994848502712       0.84720393517686476     
  0.84720393517686476       0.50485276685102809     
  0.50485276685102809       0.97490815755016924     
  0.97490815755016924        9.5402743379984153E-002
   9.5402743379984153E-002  0.33657413374867245     
  0.33657413374867245       0.87083874633601244     
  0.87083874633601244       0.43866663444214499     
  0.43866663444214499       0.96032905125045132     
  0.96032905125045132       0.14857894184195153     
  0.14857894184195153       0.49336263554400234     
  0.49336263554400234       0.97482818703300500     
  0.97482818703300500        9.5698951915903524E-002
   9.5698951915903524E-002  0.33750858382059434     
  0.33750858382059434       0.87202650470524368     
  0.87202650470524368       0.43522549120751725     
  0.43522549120751725       0.95863662574170094     
  0.95863662574170094       0.15464453756024107     
  0.15464453756024107       0.50984545779577894     
  0.50984545779577894       0.97462196114708699     
  0.97462196114708699        9.6462576587882889E-002
   9.6462576587882889E-002  0.33991443683304789     
  0.33991443683304789       0.87505318861552717     
  0.87505318861552717       0.42640691226637062     
  0.42640691226637062       0.95387782400753829     
  0.95387782400753829       0.17158019140931019     
  0.17158019140931019       0.55434767436849308     
  0.55434767436849308       0.96348068813387144     
  0.96348068813387144       0.13722404173511668     
  0.13722404173511668       0.46173505600948295     
  0.46173505600948295       0.96928959683947014     
  0.96928959683947014       0.11609236976316556     
  0.11609236976316556       0.40019823263915821     
  0.40019823263915821       0.93615446820344439     
  0.93615446820344439       0.23310019147806540     
  0.23310019147806540       0.69718151962272312     
  0.69718151962272312       0.82336584844516725     
  0.82336584844516725       0.56719465943141478     
  0.56719465943141478       0.95739102320119507     
  0.95739102320119507       0.15909446239035896     
  0.15909446239035896       0.52175531626561833     
  0.52175531626561833       0.97315415423531337     
  0.97315415423531337       0.10188807068647460     
  0.10188807068647460       0.35687687777922394     
  0.35687687777922394       0.89511151035452952     
  0.89511151035452952       0.36615888810291380     
  0.36615888810291380       0.90513757138799134     
  0.90513757138799134       0.33486783817437688     
  0.33486783817437688       0.86865233961010524     
  0.86865233961010524       0.44497226474998297     
  0.44497226474998297       0.96319059857769074     
  0.96319059857769074       0.13827243061803818     
  0.13827243061803818       0.46469734564117016     
  0.46469734564117016       0.97013951812136190     
  0.97013951812136190       0.11297845065239315     
  0.11297845065239315       0.39083584932825383     
  0.39083584932825383       0.92852443401165363     
  0.92852443401165363       0.25883055687446849     
  0.25883055687446849       0.74816546883983193     
  0.74816546883983193       0.73481421029447502     
  0.73481421029447502       0.75996291791075010     
  0.75996291791075010       0.71143519711418146     
  0.71143519711418146       0.80065111394302024     
  0.80065111394302024       0.62247473997080216     
  0.62247473997080216       0.91649975846942910     
  0.91649975846942910       0.29845900966013816     
  0.29845900966013816       0.81658679393002798     
  0.81658679393002798       0.58411392744551338     
  0.58411392744551338       0.94740690411779449     
  0.94740690411779449       0.19432554237614952     
  0.19432554237614952       0.61059619122982289     
  0.61059619122982289       0.92729708169328007     
  0.92729708169328007       0.26292709550798471     
  0.26292709550798471       0.75580610802730708     
  0.75580610802730708       0.71979661687409469     
  0.71979661687409469       0.78658884412173946     
  0.78658884412173946       0.65468065425736477     
  0.65468065425736477       0.88168819127420295     
  0.88168819127420295       0.40682508610312706     
  0.40682508610312706       0.94114189813921023     
  0.94114189813921023       0.21603592025392518     
  0.21603592025392518       0.66052116551446294     
  0.66052116551446294       0.87450852614532570     
  0.87450852614532570       0.42799911899337795     
  0.42799911899337795       0.95478190522365392     
  0.95478190522365392       0.16837633285645953     
  0.16837633285645953       0.54610039922205411     
  0.54610039922205411       0.96671153744711225     
  0.96671153744711225       0.12550332917363569     
  0.12550332917363569       0.42803374980588194     
  0.42803374980588194       0.95480134944869055     
  0.95480134944869055       0.16830735690463525     
  0.16830735690463525       0.54592196301400275     
  0.54592196301400275       0.96677557592046814     
  0.96677557592046814       0.12527019072404960     
  0.12527019072404960       0.42735252315603833     
  0.42735252315603833       0.95441714202200356     
  0.95441714202200356       0.16966973804256155     
  0.16966973804256155       0.54943948033700729     
  0.54943948033700729       0.96546737735762611     
  0.96546737735762611       0.13002647040167184     
  0.13002647040167184       0.44116639084656450     
  0.44116639084656450       0.96150056509252502     
  0.96150056509252502       0.14436719083519231     
  0.14436719083519231       0.48174868967763507     
  0.48174868967763507       0.97370086971891534     
  0.97370086971891534        9.9869195507418462E-002
   9.9869195507418462E-002  0.35059182325486599     
  0.35059182325486599       0.88794106721460975     
  0.88794106721460975       0.38805674063671958     
  0.38805674063671958       0.92612795606418874     
  0.92612795606418874       0.26681836373617163     
  0.26681836373617163       0.76294266558636215     
  0.76294266558636215       0.70535850299592018     
  0.70535850299592018       0.81052875246437106     
  0.81052875246437106       0.59893038618239325     
  0.59893038618239325       0.93682983689022981     
  0.93682983689022981       0.23080080504957537     
  0.23080080504957537       0.69237399440836878     
  0.69237399440836878       0.83066976047393870     
  0.83066976047393870       0.54856428708162119     
  0.54856428708162119       0.96580188907899001     
  0.96580188907899001       0.12881154050873272     
  0.12881154050873272       0.43765459740794932     
  0.43765459740794932       0.95984089802497685     
  0.95984089802497685       0.15033075916397307     
  0.15033075916397307       0.49815254585131064     
  0.49815254585131064       0.97498668896135710     
  0.97498668896135710        9.5111816707155336E-002
   9.5111816707155336E-002  0.33565568021629733     
  0.33565568021629733       0.86966468376384509     
  0.86966468376384509       0.44205728415332796     
  0.44205728415332796       0.96190630255321619     
  0.96190630255321619       0.14290601388030516     
  0.14290601388030516       0.47768715180087407     
  0.47768715180087407       0.97305833354044680     
  0.97305833354044680       0.10224167096494802     
  0.10224167096494802       0.35797441556464893     
  0.35797441556464893       0.89633206012660804     
  0.89633206012660804       0.36239150265161513     
  0.36239150265161513       0.90114921568432627     
  0.90114921568432627       0.34740929634781453     
  0.34740929634781453       0.88419270091983038     
  0.88419270091983038       0.39934427738371048     
  0.39934427738371048       0.93548685946791110     
  0.93548685946791110       0.23536966140002580     
  0.23536966140002580       0.70188605718060570     
  0.70188605718060570       0.81604387767266995     
  0.81604387767266995       0.58545344280392742     
  0.58545344280392742       0.94652106554052806     
  0.94652106554052806       0.19741385831135061     
  0.19741385831135061       0.61792234474610874     
  0.61792234474610874       0.92076785037736153     
  0.92076785037736153       0.28452222274637579     
  0.28452222274637579       0.79392037728836640     
  0.79392037728836640       0.63808216607719093     
  0.63808216607719093       0.90063993010458110     
  0.90063993010458110       0.34900182098260585     
  0.34900182098260585       0.88607824474038088     
  0.88607824474038088       0.39367999685892757     
  0.39367999685892757       0.93091462203512121     
  0.93091462203512121       0.25081909521368168     
  0.25081909521368168       0.73284461909049980     
  0.73284461909049980       0.76355519510634018     
  0.76355519510634018       0.70410077061658993     
  0.70410077061658993       0.81253721419148506     
  0.81253721419148506       0.59404991000716056     
  0.59404991000716056       0.94050299626781553     
  0.94050299626781553       0.21823273008839988     
  0.21823273008839988       0.66536810186559758     
  0.66536810186559758       0.86834822445294046     
  0.86834822445294046       0.44584638361522816     
  0.44584638361522816       0.96356280474655864     
  0.96356280474655864       0.13692715161646538     
  0.13692715161646538       0.46089461639000084     
  0.46089461639000084       0.96903599899358772     
  0.96903599899358772       0.11702040342754000     
  0.11702040342754000       0.40297385157586357     
  0.40297385157586357       0.93828511343571197     
  0.93828511343571197       0.22583402142851586     
  0.22583402142851586       0.68184876315636800     
  0.68184876315636800       0.84603100662014674     
  0.84603100662014674       0.50802391558404703     
  0.50802391558404703       0.97474890543693027     
  0.97474890543693027        9.5992559467102903E-002
   9.5992559467102903E-002  0.33843415317682468     
  0.33843415317682468       0.87319626084720992     
  0.87319626084720992       0.43182574846967892     
  0.43182574846967892       0.95687385857029406     
  0.95687385857029406       0.16093848168485470     
  0.16093848168485470       0.52664541851153068     
  0.52664541851153068       0.97223108452214690     
  0.97223108452214690       0.10529143096304408     
  0.10529143096304408       0.36740006756231453     
  0.36740006756231453       0.90642730587833276     
  0.90642730587833276       0.33078569564227256     
  0.33078569564227256       0.86332942488284847     
  0.86332942488284847       0.46016774315576442     
  0.46016774315576442       0.96881222612730988     
  0.96881222612730988       0.11783887687086865     
  0.11783887687086865       0.40541621627785551     
  0.40541621627785551       0.94011024064153004     
  0.94011024064153004       0.21958160672157265     
  0.21958160672157265       0.66832554637346642     
  0.66832554637346642       0.86449939070848869     
  0.86449939070848869       0.45684675727524793     
  0.45684675727524793       0.96773741080512066     
  0.96773741080512066       0.12176468667995501     
  0.12176468667995501       0.41705838625498087     
  0.41705838625498087       0.94817068596655119     
  0.94817068596655119       0.19165784133705674     
  0.19165784133705674       0.60420794144519763     
  0.60420794144519763       0.93264874926504171     
  0.93264874926504171       0.24497873306164078     
  0.24497873306164078       0.72136019829570108     
  0.72136019829570108       0.78389868418090280     
  0.78389868418090280       0.66066599476937282     
  0.66066599476937282       0.87432710868659469     
  0.87432710868659469       0.42852894123910384     
  0.42852894123910384       0.95507836226242659     
  0.95507836226242659       0.16732436838213574     
  0.16732436838213574       0.54337500409785477     
  0.54337500409785477       0.96766257517609322     
  0.96766257517609322       0.12203769154069333     
  0.12203769154069333       0.41786352419803646     
  0.41786352419803646       0.94868903743705058     
  0.94868903743705058       0.18984477596687080     
  0.18984477596687080       0.59983457431934184     
  0.59983457431934184       0.93612892530485559     
  0.93612892530485559       0.23318708599848362     
  0.23318708599848362       0.69736238879587575     
  0.69736238879587575       0.82308754120626382     
  0.82308754120626382       0.56789631879743396     
  0.56789631879743396       0.95702135058565319     
  0.95702135058565319       0.16041279192457536     
  0.16041279192457536       0.52525405963499916     
  0.52525405963499916       0.97251270664061251     
  0.97251270664061251       0.10425379404633359     
  0.10425379404633359       0.36420126784578510     
  0.36420126784578510       0.90307894694670043     
  0.90307894694670043       0.34135671386052230     
  0.34135671386052230       0.87684600027518445     
  0.87684600027518445       0.42114965909872315     
  0.42114965909872315       0.95075223258503450     
  0.95075223258503450       0.18260745679646714     
  0.18260745679646714       0.58212169672329472     
  0.58212169672329472       0.94869850501642006     
  0.94869850501642006       0.18981164122451569     
  0.18981164122451569       0.59975441011266861     
  0.59975441011266861       0.93619132488598678     
  0.93619132488598678       0.23297479956740938     
  0.23297479956740938       0.69692041510234570     
  0.69692041510234570       0.82376716545208739     
  0.82376716545208739       0.56618180804297058     
  0.56618180804297058       0.95791787630823721     
  0.95791787630823721       0.15721375237368046     
  0.15721375237368046       0.51674059490924340     
  0.51674059490924340       0.97390703468012996     
  0.97390703468012996        9.9107277674675795E-002
   9.9107277674675795E-002  0.34821159822770298     
  0.34821159822770298       0.88514509624090576     
  0.88514509624090576       0.39648669388217544     
  0.39648669388217544       0.93321148228057449     
  0.93321148228057449       0.24307846531904323     
  0.24307846531904323       0.71756616756700953     
  0.71756616756700953       0.79039335464779537     
  0.79039335464779537       0.64611962834795900     
  0.64611962834795900       0.89173131142467188     
  0.89173131142467188       0.37653166063307625     
  0.37653166063307625       0.91554671977849922     
  0.91554671977849922       0.30155160235718481     
  0.30155160235718481       0.82141111054469651     
  0.82141111054469651       0.57211010227185699     
  0.57211010227185699       0.95472051928633495     
  0.95472051928633495       0.16859407242586696     
  0.16859407242586696       0.54666343355804103     
  0.54666343355804103       0.96650784347743968     
  0.96650784347743968       0.12624468469871170     
  0.12624468469871170       0.43019716070773473     
  0.43019716070773473       0.95599749814427892     
  0.95599749814427892       0.16405849857601754     
  0.16405849857601754       0.53485889972190159     
  0.53485889972190159       0.97026094272969565     
  0.97026094272969565       0.11253311839761383     
  0.11253311839761383       0.38949072107915755     
  0.38949072107915755       0.92737202716234213     
  0.92737202716234213       0.26267728655668621     
  0.26267728655668621       0.75534392576722076     
  0.75534392576722076       0.72071797033775786     
  0.72071797033775786       0.78500595252292449     
  0.78500595252292449       0.65820926740335206     
  0.65820926740335206       0.87738232806000915     
  0.87738232806000915       0.41957205602522973     
  0.41957205602522973       0.94977224872916566     
  0.94977224872916566       0.18604920466512720     
  0.18604920466512720       0.59059610262354312     
  0.59059610262354312       0.94299015013875531     
  0.94299015013875531       0.20966293483216780     
  0.20966293483216780       0.64624711549994684     
  0.64624711549994684       0.89158594671098634     
  0.89158594671098634       0.37697574071999618     
  0.37697574071999618       0.91597362335156496     
  0.91597362335156496       0.30016718423550443     
  0.30016718423550443       0.81926069840016924     
  0.81926069840016924       0.57748316518244103     
  0.57748316518244103       0.95158580054191111     
  0.95158580054191111       0.17967403252079298     
  0.17967403252079298       0.57482597077818898     
  0.57482597077818898       0.95316418897869626     
  0.95316418897869626       0.17410464952639382     
  0.17410464952639382       0.56078966010477305     
  0.56078966010477305       0.96058800717495008     
  0.96058800717495008       0.14764888182177172     
  0.14764888182177172       0.49080988912235363     
  0.49080988912235363       0.97467061326202065     
  0.97467061326202065        9.6282454731283190E-002
   9.6282454731283190E-002  0.33934736020458622     
  0.33934736020458622       0.87434384437438362     
  0.87434384437438362       0.42848007609812833     
  0.42848007609812833       0.95505111189177494     
  0.95505111189177494       0.16742109370763136     
  0.16742109370763136       0.54362595724855034     
  0.54362595724855034       0.96757742583117590     
  0.96757742583117590       0.12234826832705568     
  0.12234826832705568       0.41877876130126318     
  0.41877876130126318       0.94927213049854686     
  0.94927213049854686       0.18780275575345703     
  0.18780275575345703       0.59487823467097112     
  0.59487823467097112       0.93989267028430856     
  0.93989267028430856       0.22032831065754832     
  0.22032831065754832       0.66995661010332286     
  0.66995661010332286       0.86234752766052969     
  0.86234752766052969       0.46294664987337647     
  0.46294664987337647       0.96964549205313588     
  0.96964549205313588       0.11478913599725474     
  0.11478913599725474       0.39628910199160816     
  0.39628910199160816       0.93305179357374246     
  0.93305179357374246       0.24361796192200252     
  0.24361796192200252       0.71864617714879186     
  0.71864617714879186       0.78855601195105451     
  0.78855601195105451       0.65026816907092122     
  0.65026816907092122       0.88693596171988476     
  0.88693596171988476       0.39109418995884071     
  0.39109418995884071       0.92874414570318786     
  0.92874414570318786       0.25809598434845010     
  0.25809598434845010       0.74678154412545339     
  0.74678154412545339       0.73748559096832189     
  0.73748559096832189       0.75504231692146495     
  0.75504231692146495       0.72131832465939105     
  0.72131832465939105       0.78397097676284555     
  0.78397097676284555       0.66050588898978613     
  0.66050588898978613       0.87452765243843400     
  0.87452765243843400       0.42794324647992676     
  0.42794324647992676       0.95475051466137484     
  0.95475051466137484       0.16848768071933737     
  0.16848768071933737       0.54638837044410837     
  0.54638837044410837       0.96660766444140667     
  0.96660766444140667       0.12588142118968898     
  0.12588142118968898       0.42913762705691705     
  0.42913762705691705       0.95541624399341418     
  0.95541624399341418       0.16612457435703107     
  0.16612457435703107       0.54025608059173258     
  0.54025608059173258       0.96867984710402844     
  0.96867984710402844       0.11832288358232365     
  0.11832288358232365       0.40685805733204139     
  0.40685805733204139       0.94116585621255089     
  0.94116585621255089       0.21595348051776281     
  0.21595348051776281       0.66033854160310546     
  0.66033854160310546       0.87473705309869798     
  0.87473705309869798       0.42733135003612410     
  0.42733135003612410       0.95440514251846797     
  0.95440514251846797       0.16971226916580615     
  0.16971226916580615       0.54954905795555653     
  0.54954905795555653       0.96542507433729585     
  0.96542507433729585       0.13018005069467825     
  0.13018005069467825       0.44160949987365611     
  0.44160949987365611       0.96170314303048210     
  0.96170314303048210       0.14363781009151932     
  0.14363781009151932       0.47972335945416461     
  0.47972335945416461       0.97339654560788247     
  0.97339654560788247       0.10099327136544381     
  0.10099327136544381       0.35409515896696359     
  0.35409515896696359       0.89197593171618494     
  0.89197593171618494       0.37578398892539200     
  0.37578398892539200       0.91482449211158012     
  0.91482449211158012       0.30389049890304143     
  0.30389049890304143       0.82501014796005789     
  0.82501014796005789       0.56303677451962697     
  0.56303677451962697       0.95950282372683060     
  0.95950282372683060       0.15154290444957005     
  0.15154290444957005       0.50145284498617826     
  0.50145284498617826       0.97499176804163989     
  0.97499176804163989        9.5092999141440149E-002
   9.5092999141440149E-002  0.33559625055733222     
  0.33559625055733222       0.86958848795985078     
  0.86958848795985078       0.44227696331344984     
  0.44227696331344984       0.96200539903916449     
  0.96200539903916449       0.14254894390878331     
  0.14254894390878331       0.47669209574716809     
  0.47669209574716809       0.97288129223742914     
  0.97288129223742914       0.10289480546225063     
  0.10289480546225063       0.35999911143743130     
  0.35999911143743130       0.89855902968659573     
  0.89855902968659573       0.35548772943558926     
  0.35548772943558926       0.89355319425964241     
  0.89355319425964241       0.37095194482332544     
  0.37095194482332544       0.91005173787496008     
  0.91005173787496008       0.31924453183632762     
  0.31924453183632762       0.84757709684283333     
  0.84757709684283333       0.50384163082619982     
  0.50384163082619982       0.97494244330312119     
  0.97494244330312119        9.5275734642119914E-002
   9.5275734642119914E-002  0.33617324921904462     
  0.33617324921904462       0.87032710334136354     
  0.87032710334136354       0.44014556247010067     
  0.44014556247010067       0.96102804060111957     
  0.96102804060111957       0.14606726854002053     
  0.14606726854002053       0.48645332424498439     
  0.48645332424498439       0.97428430154635492     
  0.97428430154635492        9.7712165096076456E-002
   9.7712165096076456E-002  0.34384154176442283     
  0.34384154176442283       0.87989669009380123     
  0.87989669009380123       0.41214616893751993     
  0.41214616893751993       0.94489864703381643     
  0.94489864703381643       0.20305425608317054     
  0.20305425608317054       0.63111057816175486     
  0.63111057816175486       0.90795906354695244     
  0.90795906354695244       0.32592066963258515     
  0.32592066963258515       0.85681590828144660     
  0.85681590828144660       0.47846138962941648     
  0.47846138962941648       0.97319074422688623     
  0.97319074422688623       0.10175302635422159     
  0.10175302635422159       0.35645745712971688     
  0.35645745712971688       0.89464259970669835     
  0.89464259970669835       0.36760315213728073     
  0.36760315213728073       0.90663719123646236     
  0.90663719123646236       0.33012015934295091     
  0.33012015934295091       0.86244927497950896     
  0.86244927497950896       0.46265903996063035     
  0.46265903996063035       0.96956204554301906     
  0.96956204554301906       0.11509479300327721     
  0.11509479300327721       0.39720712834455890     
  0.39720712834455890       0.93379113959362936     
  0.93379113959362936       0.24111846411923543     
  0.24111846411923543       0.71362336648206404     
  0.71362336648206404       0.79702372344219208     
  0.79702372344219208       0.63092994007889114     
  0.63092994007889114       0.90814366808465818     
  0.90814366808465818       0.32533311018936145     
  0.32533311018936145       0.85601676265512516     
  0.85601676265512516       0.48068305236340070     
  0.48068305236340070       0.97354473658261897     
  0.97354473658261897       0.10044599157410222     
  0.10044599157410222       0.35239071796811061     
  0.35239071796811061       0.89002484944631743     
  0.89002484944631743       0.38173440557607191     
  0.38173440557607191       0.92045167178466436     
  0.92045167178466436       0.28555952760457542     
  0.28555952760457542       0.79565960681542580     
  0.79565960681542580       0.63408304790121639     
  0.63408304790121639       0.90488477143552848     
  0.90488477143552848       0.33566645525243949     
  0.33566645525243949       0.86967849567573596     
  0.86967849567573596       0.44201745835620698     
  0.44201745835620698       0.96188829697165057     
  0.96188829697165057       0.14297088437045047     
  0.14297088437045047       0.47786782131184885     
  0.47786782131184885       0.97308964999941139     
  0.97308964999941139       0.10212611394739428     
  0.10212611394739428       0.35761584610985264     
  0.35761584610985264       0.89593433561184865     
  0.89593433561184865       0.36362040734605555     
  0.36362040734605555       0.90246236615942210     
  0.90246236615942210       0.34329377091890106     
  0.34329377091890106       0.87922831529201040     
  0.87922831529201040       0.41412495103505581     
  0.41412495103505581       0.94623935626454703     
  0.94623935626454703       0.19839470399035042     
  0.19839470399035042       0.62023355713383344     
  0.62023355713383344       0.91862117778188623     
  0.91862117778188623       0.29154960709877492     
  0.29154960709877492       0.80553889142736712     
  0.80553889142736712       0.61091934471880871     
  0.61091934471880871       0.92701790597188527     
  0.92701790597188527       0.26385726111960600     
  0.26385726111960600       0.75752276680885766     
  0.75752276680885766       0.71635989584293180     
  0.71635989584293180       0.79243474233625921     
  0.79243474233625921       0.64147949375143010     
  0.64147949375143010       0.89693585610657223     
  0.89693585610657223       0.36052351193407606     
  0.36052351193407606       0.89913060617950502     
  0.89913060617950502       0.35370956092204536     
  0.35370956092204536       0.89153651899407904     
  0.89153651899407904       0.37712670174659679     
  0.37712670174659679       0.91611839504768777     
  0.91611839504768777       0.29969737708145217     
  0.29969737708145217       0.81852755108260522     
  0.81852755108260522       0.57930677688514143     
  0.57930677688514143       0.95047069704635256     
  0.95047069704635256       0.18359698930003565     
  0.18359698930003565       0.58456762579799315     
  0.58456762579799315       0.94710843500087338     
  0.94710843500087338       0.19536678466917212     
  0.19536678466917212       0.61307455605708572     
  0.61307455605708572       0.92513516461272260     
  0.92513516461272260       0.27011435805788170     
  0.27011435805788170       0.76889510735255462     
  0.76889510735255462       0.69301214284324675     
  0.69301214284324675       0.82971061958872661     
  0.82971061958872661       0.55103453858863016     
  0.55103453858863016       0.96484235589707779     
  0.96484235589707779       0.13229417823981243     
  0.13229417823981243       0.44769047171029419     
  0.44769047171029419       0.96432848167542307     
  0.96432848167542307       0.13415633830948559     
  0.13415633830948559       0.45301781928341811     
  0.45301781928341811       0.96639143131094629     
  0.96639143131094629       0.12666822791893478     
  0.12666822791893478       0.43143121302376508     
  0.43143121302376508       0.95666345366517014     
  0.95666345366517014       0.16168811133773611     
  0.16168811133773611       0.52862575736011064     
  0.52862575736011064       0.97180420746068430     
  0.97180420746068430       0.10686308030734272     
  0.10686308030734272       0.37222911326081964     
  0.37222911326081964       0.91133094195734576     
  0.91133094195734576       0.31514673913508234     
  0.31514673913508234       0.84173416059566597     
  0.84173416059566597       0.51954927757970470     
  0.51954927757970470       0.97350952040983529     
  0.97350952040983529       0.10057606291686631     
  0.10057606291686631       0.35279602209153460     
  0.35279602209153460       0.89049085666290373     
  0.89049085666290373       0.38031587436441910     
  0.38031587436441910       0.91913526927630140     
  0.91913526927630140       0.28986994158986101     
  0.28986994158986101       0.80279689835495105     
  0.80279689835495105       0.61742474955182358     
  0.61742474955182358       0.92122456995149682     
  0.92122456995149682       0.28302246050978858     
  0.28302246050978858       0.79139091469141742     
  0.79139091469141742       0.64385620585766645     
  0.64385620585766645       0.89429102894132295     
  0.89429102894132295       0.36868487953593204     
  0.36868487953593204       0.90774972263627851     
  0.90774972263627851       0.32658663839114799     
  0.32658663839114799       0.85771844346051829     
  0.85771844346051829       0.47594630931191750     
  0.47594630931191750       0.97274353786069989     
  0.97274353786069989       0.10340283490270114     
  0.10340283490270114       0.36157168568346487     
  0.36157168568346487       0.90026664700238190     
  0.90026664700238190       0.35016778406013532     
  0.35016778406013532       0.88744619755954401     
  0.88744619755954401       0.38955323158693811     
  0.38955323158693811       0.92742589425373467     
  0.92742589425373467       0.26249770919344134     
  0.26249770919344134       0.75501138126038381     
  0.75501138126038381       0.72137986216791750     
  0.72137986216791750       0.78386473084340402     
  0.78386473084340402       0.66074117687448697     
  0.66074117687448697       0.87423286882231910     
  0.87423286882231910       0.42880406358276590     
  0.42880406358276590       0.95523144068692534     
  0.95523144068692534       0.16678090809941487     
  0.16678090809941487       0.54196364349250259     
  0.54196364349250259       0.96813230523685312     
  0.96813230523685312       0.12032336469515614     
  0.12032336469515614       0.41279804515401114     
  0.41279804515401114       0.94534369437704846     
  0.94534369437704846       0.20150907612654803     
  0.20150907612654803       0.62752235662417510     
  0.62752235662417510       0.91157838938796509     
  0.91157838938796509       0.31435259461635345     
  0.31435259461635345       0.84058665940984800     
  0.84058665940984800       0.52260283698495680     
  0.52260283698495680       0.97300753586490263     
  0.97300753586490263       0.10242909695855013     
  0.10242909695855013       0.35855577051374365     
  0.35855577051374365       0.89697476678565302     
  0.89697476678565302       0.36040303468835794     
  0.36040303468835794       0.89899948037554267     
  0.89899948037554267       0.35411771717418306     
  0.35411771717418306       0.89200160227436065     
  0.89200160227436065       0.37570550087590249     
  0.37570550087590249       0.91474842220120989     
  0.91474842220120989       0.30413661049826712     
  0.30413661049826712       0.82538637734628073     
  0.82538637734628073       0.56208245120610878     
  0.56208245120610878       0.95996850008374046     
  0.95996850008374046       0.14987301782978479     
  0.14987301782978479       0.49690327578987342     
  0.49690327578987342       0.97496260016674896     
  0.97496260016674896        9.5201060927079750E-002
   9.5201060927079750E-002  0.33593749380920901     
  0.33593749380920901       0.87002562684334706     
  0.87002562684334706       0.44101603836883352     
  0.44101603836883352       0.96143147985414301     
  0.96143147985414301       0.14461585865850088     
  0.14461585865850088       0.48243823712356493     
  0.48243823712356493       0.97379717949022027     
  0.97379717949022027        9.9513307557736796E-002
   9.9513307557736796E-002  0.34948059578895868     
  0.34948059578895868       0.88664124492821739     
  0.88664124492821739       0.39198333610939701     
  0.39198333610939701       0.92949636125558355     
  0.92949636125558355       0.25557821510603174     
  0.25557821510603174       0.74200616517006213     
  0.74200616517006213       0.74658876247675443     
  0.74658876247675443       0.73785653065871282     
  0.73785653065871282       0.75435465620970321     
  0.75435465620970321       0.72268446457133040     
  0.72268446457133040       0.78160535403046150     
  0.78160535403046150       0.66572385586737592     
  0.66572385586737592       0.86788885402615190     
  0.86788885402615190       0.44716538522496635     
  0.44716538522496635       0.96411316357813770     
  0.96411316357813770       0.13493598843462190     
  0.13493598843462190       0.45524024309319450     
  0.45524024309319450       0.96718660023041014     
  0.96718660023041014       0.12377305420408866     
  0.12377305420408866       0.42296781250261350     
  0.42296781250261350       0.95185756414853318     
  0.95185756414853318       0.17871649271484150     
  0.17871649271484150       0.57242994099153521     
  0.57242994099153521       0.95454022422705453     
  0.95454022422705453       0.16923341978251405     
  0.16923341978251405       0.54831453070379477     
  0.54831453070379477       0.96589625387920108     
  0.96589625387920108       0.12846865442317532     
  0.12846865442317532       0.43666139109010887     
  0.43666139109010887       0.95935406042330329     
  0.95935406042330329       0.15207600397323451     
  0.15207600397323451       0.50290068265619237     
  0.50290068265619237       0.97496718555649942     
  0.97496718555649942        9.5184073313697617E-002
   9.5184073313697617E-002  0.33588385545432997     
  0.33588385545432997       0.86995697528791238     
  0.86995697528791238       0.44121416209969405     
  0.44121416209969405       0.96152247852319983     
  0.96152247852319983       0.14428830708942994     
  0.14428830708942994       0.48152984695411560     
  0.48152984695411560       0.97366952844120025     
  0.97366952844120025        9.9984993522534857E-002
   9.9984993522534857E-002  0.35095317891205069     
  0.35095317891205069       0.88836167598194971     
  0.88836167598194971       0.38678331365111535     
  0.38678331365111535       0.92500972953549521     
  0.92500972953549521       0.27053024622064431     
  0.27053024622064431       0.76964016519172340     
  0.76964016519172340       0.69144730712998237     
  0.69144730712998237       0.83205692151144495     
  0.83205692151144495       0.54497898341773421     
  0.54497898341773421       0.96710987509775803     
  0.96710987509775803       0.12405262188601186     
  0.12405262188601186       0.42378791866795029     
  0.42378791866795029       0.95234770277024450     
  0.95234770277024450       0.17698806761408190     
  0.17698806761408190       0.56808683699162876     
  0.56808683699162876       0.95692031225105401     
  0.95692031225105401       0.16077293018435729     
  0.16077293018435729       0.52620748090674296     
  0.52620748090674296       0.97232135498363848     
  0.97232135498363848       0.10495889674303710     
  0.10495889674303710       0.36637585427633418     
  0.36637585427633418       0.90536389195051992     
  0.90536389195051992       0.33415244890063617     
  0.33415244890063617       0.86772890019794102     
  0.86772890019794102       0.44762427824092965     
  0.44762427824092965       0.96430145670384415     
  0.96430145670384415       0.13425421348048450     
  0.13425421348048450       0.45329707660856183     
  0.45329707660856183       0.96649346409210446     
  0.96649346409210446       0.12629700704145894     
  0.12629700704145894       0.43034968490993153     
  0.43034968490993153       0.95608045107063133     
  0.95608045107063133       0.16376342638971689     
  0.16376342638971689       0.53408536961058506     
  0.53408536961058506       0.97046893155618830     
  0.97046893155618830       0.11177003931747659     
  0.11177003931747659       0.38718224075094071     
  0.38718224075094071       0.92536139747228319     
  0.92536139747228319       0.26936395800766266     
  0.26936395800766266       0.76754736292302439     
  0.76754736292302439       0.69583179351244839     
  0.69583179351244839       0.82543464373382136     
  0.82543464373382136       0.56195994136557892     
  0.56195994136557892       0.96002776609729878     
  0.96002776609729878       0.14966037223616294     
  0.14966037223616294       0.49632236635135474     
  0.49632236635135474       0.97494725254191072     
  0.97494725254191072        9.5257918481272852E-002
   9.5257918481272852E-002  0.33611700504676328     
  0.33611700504676328       0.87025521946411388     
  0.87025521946411388       0.44035318259236533     
  0.44035318259236533       0.96112480297524716     
  0.96112480297524716       0.14571927271605400     
  0.14571927271605400       0.48549214847311734     
  0.48549214847311734       0.97417913675188827     
  0.97417913675188827        9.8101170450012751E-002
   9.8101170450012751E-002  0.34506159014476612     
  0.34506159014476612       0.88137694769097308     
  0.88137694769097308       0.40775133270267544     
  0.40775133270267544       0.94181171518928342     
  0.94181171518928342       0.21372939245386371     
  0.21372939245386371       0.65539164309514741     
  0.65539164309514741       0.88082840529914230     
  0.88082840529914230       0.40938193029751763     
  0.40938193029751763       0.94297462522924447     
  0.94297462522924447       0.20971657747174061     
  0.20971657747174061       0.64636858496059202     
  0.64636858496059202       0.89144732561287243     
  0.89144732561287243       0.37739906595506634     
  0.37739906595506634       0.91637914278810828     
  0.91637914278810828       0.29885079685905652     
  0.29885079685905652       0.81720209249547748     
  0.81720209249547748       0.58259304681431312     
  0.58259304681431312       0.94839571560992186     
  0.94839571560992186       0.19087100066839768     
  0.19087100066839768       0.60231312091174460     
  0.60231312091174460       0.93417489862826497     
  0.93417489862826497       0.23981941386442976     
  0.23981941386442976       0.71099364413278932     
  0.71099364413278932       0.80137856032870691     
  0.80137856032870691       0.62076675715936425     
  0.62076675715936425       0.91812002242432345     
  0.91812002242432345       0.29318502270674468     
  0.29318502270674468       0.80818750415204199     
  0.80818750415204199       0.60457980290968683     
  0.60457980290968683       0.93234595281114707     
  0.93234595281114707       0.24600021064250341     
  0.24600021064250341       0.72338801732475466     
  0.72338801732475466       0.78038139549128893     
  0.78038139549128893       0.66840646494319389     
  0.66840646494319389       0.86439312400481350     
  0.86439312400481350       0.45714883959424918     
  0.45714883959424918       0.96783873440233448     
  0.96783873440233448       0.12139498251200556     
  0.12139498251200556       0.41596713885837017     
  0.41596713885837017       0.94746006516857117     
  0.94746006516857117       0.19414001130941835     
  0.19414001130941835       0.61015370254096934     
  0.61015370254096934       0.92767803108441105     
  0.92767803108441105       0.26165685673826999     
  0.26165685673826999       0.75345092963446192     
  0.75345092963446192       0.72447424244296543     
  0.72447424244296543       0.77848412647066145     
  0.77848412647066145       0.67254170608510322     
  0.67254170608510322       0.85889450267884315     
  0.85889450267884315       0.47265947019293281     
  0.47265947019293281       0.97208473217648872     
  0.97208473217648872       0.10583042201882638     
  0.10583042201882638       0.36905834079715955     
  0.36905834079715955       0.90813169935230809     
  0.90813169935230809       0.32537121233680905     
  0.32537121233680905       0.85606866742520815     
  0.85606866742520815       0.48053890590434239     
  0.48053890590434239       0.97352293668473999     
  0.97352293668473999       0.10052651089049291     
  0.10052651089049291       0.35264163284483846     
  0.35264163284483846       0.89031349535452187     
  0.89031349535452187       0.38085596384212894     
  0.38085596384212894       0.91963832472724649     
  0.91963832472724649       0.28822433803842906     
  0.28822433803842906       0.80008916910287986     
  0.80008916910287986       0.62379131328985837     
  0.62379131328985837       0.91523527194049126     
  0.91523527194049126       0.30256070885237446     
  0.30256070885237446       0.82296913261338023     
  0.82296913261338023       0.56819466357794723     
  0.56819466357794723       0.95686300265201341     
  0.95686300265201341       0.16097716755036692     
  0.16097716755036692       0.52674772440352924     
  0.52674772440352924       0.97220978103300804     
  0.97220978103300804       0.10536989851735855     
  0.10536989851735855       0.36764162371482045     
  0.36764162371482045       0.90667691488588820     
  0.90667691488588820       0.32999415890569456     
  0.32999415890569456       0.86228225457588925     
  0.86228225457588925       0.46313111527570122     
  0.46313111527570122       0.96969867282282696     
  0.96969867282282696       0.11459431131905233     
  0.11459431131905233       0.39570357501622133     
  0.39570357501622133       0.93257679736885180     
  0.93257679736885180       0.24522152607461858     
  0.24522152607461858       0.72184292397458960     
  0.72184292397458960       0.78306429662137733     
  0.78306429662137733       0.66251095551515515     
  0.66251095551515515       0.87200173841644990     
  0.87200173841644990       0.43529735579904277     
  0.43529735579904277       0.95867291455027703     
  0.95867291455027703       0.15451471408602163     
  0.15451471408602163       0.50949567714605282     
  0.50949567714605282       0.97464834525059796     
  0.97464834525059796        9.6364898568389742E-002
   9.6364898568389742E-002  0.33960694907994543     
  0.33960694907994543       0.87466886994457160     
  0.87466886994457160       0.42753062778838502     
  0.42753062778838502       0.95451794135589207     
  0.95451794135589207       0.16931241984384721     
  0.16931241984384721       0.54851832488882524     
  0.54851832488882524       0.96581929138493139     
  0.96581929138493139       0.12874831231719749     
  0.12874831231719749       0.43747151913141641     
  0.43747151913141641       0.95975173741304187     
  0.95975173741304187       0.15065052578818863     
  0.15065052578818863       0.49902428498493073     
  0.49902428498493073       0.97499628712281672     
  0.97499628712281672        9.5076256156200772E-002
   9.5076256156200772E-002  0.33554337051893296     
  0.33554337051893296       0.86952066637693526     
  0.86952066637693526       0.44247246076934826     
  0.44247246076934826       0.96209327069725670     
  0.96209327069725670       0.14223225578761620     
  0.14223225578761620       0.47580874068461099     
  0.47580874068461099       0.97271765359366880     
  0.97271765359366880       0.10349827792549499     
  0.10349827792549499       0.36186689912861275     
  0.36186689912861275       0.90058506113025516     
  0.90058506113025516       0.34917327431715195     
  0.34917327431715195       0.88628006539718451     
  0.88628006539718451       0.39307207319931275     
  0.39307207319931275       0.93040903203341696     
  0.93040903203341696       0.25251745406182252     
  0.25251745406182252       0.73613431887823577     
  0.73613431887823577       0.75753827544685548     
  0.75753827544685548       0.71632874305145244     
  0.71632874305145244       0.79248731222613678     
  0.79248731222613678       0.64135957152824852     
  0.64135957152824852       0.89706813899566495     
  0.89706813899566495       0.36011388267862526     
  0.36011388267862526       0.89868430930492738     
  0.89868430930492738       0.35509820390480668     
  0.35509820390480668       0.89311353100470925     
  0.89311353100470925       0.37230083178993706     
  0.37230083178993706       0.91140239750998642     
  0.91140239750998642       0.31491746255983694     
  0.31491746255983694       0.84140337190537129     
  0.84140337190537129       0.52043057684140659     
  0.52043057684140659       0.97337210696671672     
  0.97337210696671672       0.10108350854897608     
  0.10108350854897608       0.35437596810878008     
  0.35437596810878008       0.89229520120940531     
  0.89229520120940531       0.37480745292148160     
  0.37480745292148160       0.91387462200837255     
  0.91387462200837255       0.30696040930396429     
  0.30696040930396429       0.82966929405323731     
  0.82966929405323731       0.55114081057791664     
  0.55114081057791664       0.96480000822439127     
  0.96480000822439127       0.13244771418296264     
  0.13244771418296264       0.44813073704361639     
  0.44813073704361639       0.96450736028540995     
  0.96450736028540995       0.13350835773865335     
  0.13350835773865335       0.45116711699506640     
  0.45116711699506640       0.96569986319596324     
  0.96569986319596324       0.12918218593511838     
  0.12918218593511838       0.43872718021135726     
  0.43872718021135726       0.96035800206507915     
  0.96035800206507915       0.14847498874512946     
  0.14847498874512946       0.49307764920282626     
  0.49307764920282626       0.97481311613181942     
  0.97481311613181942        9.5754768521846306E-002
   9.5754768521846306E-002  0.33768459202597839     
  0.33768459202597839       0.87224946250348501     
  0.87224946250348501       0.43457831689687937     
  0.43457831689687937       0.95830801318182413     
  0.95830801318182413       0.15581968370798280     
  0.15581968370798280       0.51300564852079522     
  0.51300564852079522       0.97434032711555874     
  0.97434032711555874        9.7504890880428463E-002
   9.7504890880428463E-002  0.34319097982581437     
  0.34319097982581437       0.87910263164884628     
  0.87910263164884628       0.41449665923998474     
  0.41449665923998474       0.94648779700361907     
  0.94648779700361907       0.19752972379473469     
  0.19752972379473469       0.61819575484801104     
  0.61819575484801104       0.92051607779004463     
  0.92051607779004463       0.28534829044830079     
  0.28534829044830079       0.79530610998747853     
  0.79530610998747853       0.63489777547584658     
  0.63489777547584658       0.90403010166950548     
  0.90403010166950548       0.33836274008522332     
  0.33836274008522332       0.87310624520824742     
  0.87310624520824742       0.43208774616775225     
  0.43208774616775225       0.95701291053975490     
  0.95701291053975490       0.16044287843992971     
  0.16044287843992971       0.52533374867157467     
  0.52533374867157467       0.97249698459515732     
  0.97249698459515732       0.10431173823908629     
  0.10431173823908629       0.36438011806804388     
  0.36438011806804388       0.90326826573657282     
  0.90326826573657282       0.34076135281428588     
  0.34076135281428588       0.87610790764560820     
  0.87610790764560820       0.42331708304512639     
  0.42331708304512639       0.95206694796443858     
  0.95206694796443858       0.17797835077665855     
  0.17797835077665855       0.57057802398276902     
  0.57057802398276902       0.95557309586968187     
  0.95557309586968187       0.16556730184688326     
  0.16556730184688326       0.53880360458350252     
  0.53880360458350252       0.96912769305817603     
  0.96912769305817603       0.11668490966306372     
  0.11668490966306372       0.40197121192794683     
  0.40197121192794683       0.93752239116558544     
  0.93752239116558544       0.22843921319211891     
  0.22843921319211891       0.68739348236630982     
  0.68739348236630982       0.83804636278984734     
  0.83804636278984734       0.52932616075776417     
  0.52932616075776417       0.97164590755131819     
  0.97164590755131819       0.10744553777136433     
  0.10744553777136433       0.37401387731910790     
  0.37401387731910790       0.91309723787815722     
  0.91309723787815722       0.30946762102400505     
  0.30946762102400505       0.83341990899081664     
  0.83341990899081664       0.54144154072536665     
  0.54144154072536665       0.96830213493900019     
  0.96830213493900019       0.11970313060514037     
  0.11970313060514037       0.41095973540102942     
  0.41095973540102942       0.94408014199256651     
  0.94408014199256651       0.20589202720266164     
  0.20589202720266164       0.63765195131445629     
  0.63765195131445629       0.90110256716735793     
  0.90110256716735793       0.34755524938584498     
  0.34755524938584498       0.88436633223973360     
  0.88436633223973360       0.39882383829824142     
  0.39882383829824142       0.93507719878286844     
  0.93507719878286844       0.23676054128708429     
  0.23676054128708429       0.70474945076847140     
  0.70474945076847140       0.81150288339903620     
  0.81150288339903620       0.59656721917293720     
  0.59656721917293720       0.93863161150670293     
  0.93863161150670293       0.22464900660942802     
  0.22464900660942802       0.67930913871141818     
  0.67930913871141818       0.84960810782082063     
  0.84960810782082063       0.49831926668918725     
  0.49831926668918725       0.97498898302859793     
  0.97498898302859793        9.5103317405687379E-002
   9.5103317405687379E-002  0.33562883805406979     
  0.33562883805406979       0.86963027237012480     
  0.86963027237012480       0.44215650081559066     
  0.44215650081559066       0.96195110544820261     
  0.96195110544820261       0.14274458708321600     
  0.14274458708321600       0.47723742277246683     
  0.47723742277246683       0.97297927380404625     
  0.97297927380404625       0.10253336555200848     
  0.10253336555200848       0.35887907055228807     
  0.35887907055228807       0.89733104476007419     
  0.89733104476007419       0.35929935939248486     
  0.35929935939248486       0.89779298595727597     
  0.89779298595727597       0.35786688726045829     
  0.35786688726045829       0.89621289522557812     
  0.89621289522557812       0.36275983246216370     
  0.36275983246216370       0.90154403201532773     
  0.90154403201532773       0.34617332237620646     
  0.34617332237620646       0.88271567767977943     
  0.88271567767977943       0.40376196922661800     
  0.40376196922661800       0.93887914158816010     
  0.93887914158816010       0.22380188640747486     
  0.22380188640747486       0.67748694798692921     
  0.67748694798692921       0.85214369484771180     
  0.85214369484771180       0.49137979089810635     
  0.49137979089810635       0.97471019878065446     
  0.97471019878065446        9.6135885977162966E-002
   9.6135885977162966E-002  0.33888573187774063     
  0.33888573187774063       0.87376455116897200     
  0.87376455116897200       0.43017023512888192     
  0.43017023512888192       0.95598283535837314     
  0.95598283535837314       0.16411065004830122     
  0.16411065004830122       0.53499554389719839     
  0.53499554389719839       0.97022371643862315     
  0.97022371643862315       0.11266966034473237     
  0.11266966034473237       0.38990331113188653     
