                    1   9.9999999947364415E-010
                    2   3.1599999839038162E-009
                    3   3.6072979048284992E-009
                    4   1.1542205469172728E-008
                    5   1.4632421496685311E-008
                    6   4.4594908710227088E-008
                    7   3.5360218197943993E-008
                    8   1.2506514993071427E-007
                    9   3.0059911726443289E-007
                   10   2.8940096408192062E-007
                   11   9.8043516078005766E-007
                   12   1.8504483801917715E-006
                   13   3.8307216928545884E-006
                   14   6.5446792689716204E-006
                   15   1.5653644858892868E-005
                   16   1.5510676733776485E-005
                   17   5.2121170824259710E-005
                   18   9.3541736144175935E-005
                   19   2.0960648709200669E-004
                   20   2.8101974744743075E-004
                   21   8.2971341787374531E-004
                   22   4.2100173238290850E-004
                   23   1.5671848864239613E-003
                   24   4.8227090343914703E-003
                   25   4.2617236694000304E-003
                   26   1.4748226713342694E-002
                   27   3.1514803804068015E-002
                   28   4.9367345744525948E-002
                   29  0.12917313330556235     
                   30   5.2834019680019106E-002
                   31  0.19218021747353925     
                   32  0.53541155441593347     
                   33  0.17011990535099653     
                   34  0.26613935754759366     
                   35  0.63920480731425133     
                   36  0.26491404809876651     
                   37  0.15309700326873288     
                   38  0.48023030315956311     
                   39  0.60089707299736372     
                   40  0.76270682499884090     
                   41  0.17455271516483262     
                   42  0.12447262622763122     
                   43  0.41814143774799628     
                   44  0.79952033873010109     
                   45  0.52707158607093418     
                   46  0.71305400634749083     
                   47  0.54827652669195170     
                   48  0.22527482679154520     
                   49  0.32027954241374201     
                   50  0.78298451318915907     
                   51   4.9131229587976055E-002
                   52   4.5858601417565370E-002
                   53  0.15577296655572248     
                   54  0.30131414092472653     
                   55  0.53970237576566937     
                   56  0.83051699897337561     
                   57  0.32796630173853447     
                   58  0.52727112133367782     
                   59  0.90679275518491409     
                   60  0.18458421956480109     
                   61  0.47700730257849383     
                   62  0.11750574545809178     
                   63  0.24039836114496282     
                   64  0.39684858625165820     
                   65  0.80871463745587979     
                   66  0.44175300676927365     
                   67  0.61850197499532955     
                   68  0.83418479359269104     
                   69   3.5533778685419293E-002
                   70   5.6081839602580619E-002
                   71  0.14558476564741007     
                   72   6.6572495797251996E-002
                   73  0.23841955354128685     
                   74  0.61902444360882747     
                   75   2.3051369315384429E-002
                   76   1.9851512534203364E-002
                   77   6.9009498774761979E-002
                   78  0.15141375175534733     
                   79  0.21304827643884161     
                   80  0.57149949887294715     
                   81   5.7559704672395351E-002
                   82   7.4723933658947472E-002
                   83  0.22288233459299062     
                   84  0.14279831719611302     
                   85  0.46530397111339528     
                   86  0.75222903936164898     
                   87  0.64349891863055120     
                   88  0.59779659196548696     
                   89  0.11317680176027956     
                   90  0.11832268837992288     
                   91  0.37920321915266542     
                   92  0.52838680352258816     
                   93  0.92925713671867904     
                   94  0.11777541884026702     
                   95  0.34076055482155110     
                   96  0.15081276694921475     
                   97  0.42943168957476929     
                   98  0.16325656191216298     
                   99  0.38207667940722145     
                  100  0.34567172983609618     
                  101  0.79613239529938840     
                  102  0.21244519441957949     
                  103  0.23984951904581653     
                  104  0.68641139504524307     
                  105  0.47541410413638768     
                  106   3.0542816664099082E-002
                  107   6.3711061458470719E-002
                  108  0.10629299597373254     
                  109  0.25806569923922434     
                  110  0.21053792758824441     
                  111  0.63138497084203737     
                  112  0.62588568105207654     
                  113  0.15645714329135452     
                  114  0.11953318355189591     
                  115  0.40263997770033993     
                  116  0.77846373559561444     
                  117  0.55855057651653639     
                  118  0.63326140747237170     
                  119  0.49060138570424994     
                  120  0.20737512099331246     
                  121  0.39074314501104901     
                  122  0.68012506066883827     
                  123  0.77896104881402362     
                  124  0.32190899541257295     
                  125  0.31153853329589321     
                  126  0.80206808132943941     
                  127  0.17648343104623365     
                  128  0.21029853212121108     
                  129  0.60950990609998590     
                  130  0.42291358966097764     
                  131  0.30126153055964100     
                  132  0.66344740357798115     
                  133  0.47656094287607492     
                  134   7.5986670270653311E-002
                  135  0.15704877096837921     
                  136  0.26233233491993191     
                  137  0.59385219233730879     
                  138  0.44664945743592666     
                  139  0.36500814342801646     
                  140  0.71578629803487070     
                  141  0.63640056079284002     
                  142  0.34426965101937712     
                  143  0.18775729460049861     
                  144  0.52157371602952973     
                  145  0.14717270366864033     
                  146  0.24860333050094063     
                  147  0.56074651919718921     
                  148  0.46276586080425142     
                  149  0.48947569638509902     
                  150  0.79354354560079421     
                  151  0.53009745092686444     
                  152  0.68086059077476602     
                  153  0.56798954376674093     
                  154   6.4267090482868161E-002
                  155   8.5351253204618782E-002
                  156  0.25068880596905213     
                  157  0.13010355490524494     
                  158  0.41975427626228878     
                  159  0.62347625758860747     
                  160  0.85641155636141653     
                  161  0.10676974574199324     
                  162  0.20054306366589547     
                  163  0.40075661250211264     
                  164  0.61748095715792262     
                  165  0.87145690808234577     
                  166  0.10381627020903911     
                  167  0.21597988077446384     
                  168  0.34624322214664582     
                  169  0.76254331289324850     
                  170  0.37430502656244957     
                  171  0.30147819057273550     
                  172  0.73376756045683522     
                  173  0.13227516587857363     
                  174   4.8321054261458163E-002
                  175  0.17627661143771500     
                  176  0.49728045211468780     
                  177  0.18411725031868542     
                  178  0.34127122296264090     
                  179  0.63782341811567478     
                  180  0.76293706718532572     
                  181   2.8869915036081717E-002
                  182   1.9930712402593698E-002
                  183   7.1879068913958344E-002
                  184  0.19084474166670978     
                  185   5.4622973801206398E-002
                  186  0.19260907548585193     
                  187  0.46012595935779688     
                  188  0.32594821277611374     
                  189  0.63517325834964034     
                  190  0.71375943475358716     
                  191   5.1744952290906365E-002
                  192   6.5066387731398390E-003
                  193   2.4871340492369581E-002
                  194   8.5922155868236483E-002
                  195  0.18223502759475851     
                  196  0.28145847135383395     
                  197  0.67534928628547741     
                  198  0.23943266316356038     
                  199   5.5136461542499959E-002
                  200  0.18622370695847115     
                  201  0.34940000062465970     
                  202  0.63610848142856247     
                  203  0.78980891575080814     
                  204   6.0198227916057501E-002
                  205   6.1285393291818813E-002
                  206  0.20253331947712602     
                  207  0.33190338593720203     
                  208  0.72636341948717020     
                  209  0.43374527890159886     
                  210  0.19215400435916885     
                  211  0.43915503340530965     
                  212  0.41790081335392149     
                  213  0.79148325202619252     
                  214  0.55032453184100127     
                  215  0.70305958298137405     
                  216  0.47283329175598043     
                  217  0.10922650377526000     
                  218  0.22723839477333596     
                  219  0.36223562185701830     
                  220  0.78890318087619160     
                  221  0.35977640861683929     
                  222  0.39862840294537405     
                  223  0.88800192338374417     
                  224  0.11579362504964433     
                  225  0.26735675085383170     
                  226  0.28904553531219690     
                  227  0.78308390934195571     
                  228  0.36838006965443998     
                  229  0.38432512392502338     
                  230  0.86410474395983916     
                  231  0.14808876036841584     
                  232  0.29446698677085836     
                  233  0.50153651203435423     
                  234  0.86482460230872849     
                  235  0.34786748179367155     
                  236  0.71812790166747931     
                  237  0.55754794024966614     
                  238  0.26389075648096461     
                  239  0.34679110367474975     
                  240  0.84772860130656480     
                  241   6.3354425969860434E-002
                  242  0.11136836391873806     
                  243  0.25335159560577369     
                  244  0.29563922223630512     
                  245  0.78925862196308305     
                  246  0.31109671590562793     
                  247  0.33786924064959722     
                  248  0.84686058973105294     
                  249  0.15286970652713774     
                  250  0.26903345666367884     
                  251  0.57044233706895175     
                  252  0.59250873188566744     
                  253  0.45816171251718824     
                  254  0.37272750441643621     
                  255  0.70175594454088297     
                  256  0.69829280399047711     
                  257  0.33912014200820462     
                  258   2.3963458678351701E-002
                  259   7.0730312221884806E-002
                  260   3.6013929947370737E-002
                  261  0.13262467397404717     
                  262  0.38986570309390461     
                  263  0.23650877579374086     
                  264  0.58689413322310191     
                  265  0.19718477529480538     
                  266  0.21842340377285718     
                  267  0.64094451157311616     
                  268  0.52963068944815561     
                  269  0.16154274454502848     
                  270  0.26112030269395847     
                  271  0.61135248484398308     
                  272  0.35370667404834572     
                  273  0.27169978793278127     
                  274  0.70104543922339935     
                  275   3.7445613347188211E-002
                  276   5.9105737266063052E-004
                  277   2.2697706711274357E-003
                  278   7.9947445375850579E-003
                  279   1.8803497083952903E-002
                  280   2.0398807799094421E-002
                  281   6.6501164309549665E-002
                  282   9.7488321836864622E-002
                  283  0.26733484423585702     
                  284   4.6008594596678165E-003
                  285   1.5153219580834876E-002
                  286   2.3831363978856657E-002
                  287   6.2266036645796330E-002
                  288   2.6993442236842302E-002
                  289  0.10060550940425565     
                  290  0.31185998049936570     
                  291  0.32189664906524817     
                  292  0.82399923312514289     
                  293  0.19236163929556530     
                  294  0.28332000083472786     
                  295  0.70204870344219672     
                  296  0.10878919823394251     
                  297   6.2846557831786054E-004
                  298   2.3623422918546133E-003
                  299   7.5912353067318361E-003
                  300   9.9587774449125810E-003
                  301   2.9779612708050796E-002
                  302   1.8476310256566930E-002
                  303   6.7472934170820675E-002
                  304  0.19023730303617242     
                  305   3.0237452421972510E-002
                  306  0.10753312083574804     
                  307  0.26662607198514487     
                  308  0.18320788674667166     
                  309  0.56072361114132196     
                  310  0.61354112277953043     
                  311  0.49072233279653871     
                  312  0.29185636003318560     
                  313  0.52410996960918832     
                  314  0.82511922474648092     
                  315  0.38703522035700866     
                  316  0.60765378333626574     
                  317  0.88119975785712279     
                  318   7.1201608588609827E-002
                  319  0.15734035527881773     
                  320  0.21557548213906297     
                  321  0.58625864615110057     
                  322  0.12261606993581164     
                  323  0.14077486332144329     
                  324  0.43286859780137743     
                  325  0.44622524273737774     
                  326  0.82915650165082366     
                  327  0.47387560776214721     
                  328  0.79394453975030410     
                  329  0.55249522370653459     
                  330  0.72287412128017858     
                  331  0.44383079153373939     
                  332  0.18363761927571443     
                  333  0.40931315240977695     
                  334  0.45193615581066438     
                  335  0.87435868577660814     
                  336  0.33780934345681218     
                  337  0.73894558894514717     
                  338  0.42009870518577808     
                  339  0.23951990155868208     
                  340  0.55375234655662142     
                  341  0.40489956147764106     
                  342  0.48253520794398452     
                  343  0.89855865381775146     
                  344  0.27044980876437391     
                  345  0.67418647535208343     
                  346  0.11699276053916097     
                  347   3.3964338948560990E-002
                  348  0.12574724306801630     
                  349  0.37867257254621578     
                  350  0.30532640596676797     
                  351  0.73508565382353730     
                  352  0.16602588689097858     
                  353   6.4695108229001486E-002
                  354  0.23033339961731097     
                  355  0.58026445515449943     
                  356  0.15324128082448674     
                  357  0.18230262578264789     
                  358  0.53969366093496340     
                  359  0.42640301373229622     
                  360  0.54019713311363349     
                  361  0.88071080076910691     
                  362  0.21641045833132244     
                  363  0.48259340713095961     
                  364  0.48233280483942670     
                  365  0.74033592323868191     
                  366  0.63547414626246834     
                  367  0.50392092731056148     
                  368  0.19475517669684628     
                  369  0.34969191303545444     
                  370  0.67957686890462154     
                  371  0.68566368747233253     
                  372  0.17865446781213684     
                  373   2.6738635099394781E-002
                  374   9.6019886986560291E-002
                  375  0.24985935434131235     
                  376   9.8369355722774832E-002
                  377  0.32331261839354153     
                  378  0.52554666642351477     
                  379  0.90112435870408292     
                  380  0.20415127412264156     
                  381  0.51226122139856323     
                  382  0.19363968382055330     
                  383  0.33551293104524382     
                  384  0.69037346155912549     
                  385  0.59101320249442646     
                  386  0.13793134658499218     
                  387  0.15159571865128718     
                  388  0.46977348765791932     
                  389  0.53060474432739002     
                  390  0.79152432527007810     
                  391  0.42918908152310226     
                  392  0.50786987518368831     
                  393  0.87054282190813836     
                  394  0.32208317527744457     
                  395  0.68582113372289921     
                  396  0.53147413158559431     
                  397   6.2896372614553497E-002
                  398  0.10319214684760158     
                  399  0.25534801395328449     
                  400  0.18043534072636769     
                  401  0.55807361998312865     
                  402  0.66178500253022943     
                  403  0.47547565887339505     
                  404   8.3929297986664375E-002
                  405  0.17390041180037852     
                  406  0.28688907460647395     
                  407  0.64679767374667729     
                  408  0.43188697222339367     
                  409  0.15750322018630225     
                  410  0.36692158799172886     
                  411  0.34643760014572433     
                  412  0.81593838960039322     
                  413  0.11538186442774728     
                  414  0.15605087307447585     
                  415  0.44206096824382235     
                  416  0.15520936673874075     
                  417  0.35156615007774328     
                  418  0.38600510036899516     
                  419  0.88173932110382758     
                  420   7.0471051538976287E-002
                  421  0.15624395127718316     
                  422  0.21165746326824708     
                  423  0.58062984483193758     
                  424  0.15151776820105600     
                  425  0.17987554906136605     
                  426  0.53377701419149404     
                  427  0.42922534164026654     
                  428  0.56023472605892577     
                  429  0.87519201290518045     
                  430  0.15973205647664018     
                  431  0.34196378259254823     
                  432  0.46526500774845436     
                  433  0.93676693487102358     
                  434  0.12702697160651155     
                  435  0.38156268474588206     
                  436  0.29991398576357664     
                  437  0.72175968072374175     
                  438  0.18317187828099718     
                  439   4.4861266758091656E-002
                  440  0.15968420116689969     
                  441  0.39913254975928014     
                  442  0.21095986871792383     
                  443  0.52081297895155076     
                  444  0.23781959191854762     
                  445  0.38786823806741677     
                  446  0.80678594093529754     
                  447  0.41493715422715538     
                  448  0.56384488482927098     
                  449  0.89359563118059671     
                  450  0.10297151043082037     
                  451  0.24556543088868071     
                  452  0.22712852228499603     
                  453  0.67072801657480097     
                  454  0.61138725880275979     
                  455   4.5112558879641829E-002
                  456   4.2065851323591197E-002
                  457  0.14305033252326613     
                  458  0.27818878855679419     
                  459  0.50093374308144156     
                  460  0.81465053065548387     
                  461  0.46539272267169396     
                  462  0.69309644588127095     
                  463  0.72955914077203432     
                  464  0.32854063855657567     
                  465  0.13220929298773210     
                  466  0.38713826825457964     
                  467  0.22158044527917797     
                  468  0.55799153188593786     
                  469  0.16598710456997734     
                  470  0.22873859453685719     
                  471  0.61457501854249841     
                  472  0.10224741209246946     
                  473   9.1088036853907317E-002
                  474  0.30722870895331528     
                  475  0.58423395401413514     
                  476  0.76347941959735233     
                  477  0.25544953315837760     
                  478  0.19211821760200587     
                  479  0.58776114106664767     
                  480  0.65627573551696605     
                  481  0.34969168231679043     
                  482  0.12215004581904920     
                  483  0.34645073455129094     
                  484   9.9559046435243714E-002
                  485  0.28609191535288858     
                  486  0.10151593300551320     
                  487  0.31975226310459204     
                  488  0.38040424955410201     
                  489  0.89241469269605656     
                  490   2.6256807718621017E-002
                  491   6.2021977756725466E-002
                  492   6.5497936544288815E-002
                  493  0.21376078711428015     
                  494  0.32231823193366949     
                  495  0.76002099605567042     
                  496  0.19817021030327825     
                  497  0.13653817460070838     
                  498  0.45160370785090515     
                  499  0.79665323486338280     
                  500  0.56106222506998227     
                  501  0.75623560234752163     
                  502  0.36837700658787642     
                  503  0.26849796749643584     
                  504  0.67849005394672068     
                  505   6.5151948076321409E-002
                  506   1.6636152277904381E-002
                  507   6.2976739805754245E-002
                  508  0.20883385479265670     
                  509  0.35037632670854124     
                  510  0.73703757089270072     
                  511  0.50196584249267773     
                  512  0.31046570850898181     
                  513  0.52602217455771860     
                  514  0.87528445007160760     
                  515  0.26980940615198845     
                  516  0.58628939299472715     
                  517  0.54081029211176257     
                  518  0.40249687317511573     
                  519  0.52027590472702956     
                  520  0.91151499456848972     
                  521  0.18670485319369517     
                  522  0.49504247261590417     
                  523   3.1761806423670991E-002
                  524   6.1534130828325817E-002
                  525  0.12101876826621238     
                  526  0.22845554215120689     
                  527  0.44666704228150550     
                  528  0.68463479331910349     
                  529  0.76687987067223351     
                  530  0.33185560130745156     
                  531  0.27555024952946505     
                  532  0.72948826445217774     
                  533  0.17902584539801586     
                  534   5.9136415262585840E-002
                  535  0.20973682991455123     
                  536  0.51709246477298931     
                  537  0.24246073326835849     
                  538  0.40136603270689120     
                  539  0.81175693244777469     
                  540  0.44588710797014686     
                  541  0.64218274540438625     
                  542  0.81114225289626685     
                  543  0.13277458511420653     
                  544  0.17194216785384087     
                  545  0.49437113514426922     
                  546  0.25352584186631566     
                  547  0.45966968208537001     
                  548  0.78426172966499874     
                  549  0.58616914234588968     
                  550  0.71884968309902564     
                  551  0.30106551443901902     
                  552   8.0598001147091591E-002
                  553  0.25052334199950732     
                  554  0.25809261324004895     
                  555  0.73064937483254855     
                  556  0.49360273224747342     
                  557  0.26735063163912987     
                  558  0.48225849848433550     
                  559  0.80379022798346778     
                  560  0.52078283797073488     
                  561  0.72850471009801754     
                  562  0.55149601919788638     
                  563  0.31742215574732269     
                  564  0.41673675994233939     
                  565  0.91823598135599072     
                  566   6.3297968475641994E-002
                  567  0.17272793900060945     
                  568   1.6719970192287326E-002
                  569   6.0422880753507435E-002
                  570  0.16197928325386257     
                  571   3.7178991098077652E-002
                  572  0.13459629468878859     
                  573  0.36509867159858317     
                  574   1.1306289739641207E-002
                  575   3.1780702456783383E-002
                  576   3.1872871937509428E-003
                  577   1.2233897001220538E-002
                  578   4.3005357394083232E-002
                  579  0.10013592149529404     
                  580  0.11275073819053572     
                  581  0.35393733651586096     
                  582  0.41585555313655276     
                  583  0.90811676272084285     
                  584  0.10696998444361518     
                  585  0.27696579497503099     
                  586  0.11356339411368310     
                  587  0.35985454206863998     
                  588  0.45696604467503488     
                  589  0.92981100543430439     
                  590  0.14143166782125724     
                  591  0.41084166241283182     
                  592  0.21526223515945320     
                  593  0.51602796152282004     
                  594  0.31810969817953760     
                  595  0.50384913696062461     
                  596  0.91069037936977892     
                  597  0.21613093056663527     
                  598  0.57208408497116192     
                  599   9.3212920156059420E-003
                  600   1.2098315543805471E-002
                  601   3.6395007473152940E-002
                  602   2.4557094262938839E-002
                  603   8.8731677500252598E-002
                  604  0.23792100858450754     
                  605   4.6394501464992244E-002
                  606  0.15730690633629205     
                  607  0.30104623756422133     
                  608  0.55000640531230238     
                  609  0.81142338130292346     
                  610  0.32705614548452744     
                  611  0.44688469210267701     
                  612  0.93098564526726513     
                  613  0.11476048720007812     
                  614  0.33486630508449444     
                  615  0.17035729325047666     
                  616  0.48501558236287889     
                  617  0.20758626626387622     
                  618  0.39949798572299700     
                  619  0.66446282526579514     
                  620  0.81263137805911845     
                  621  0.27705751441656457     
                  622  0.37640456919383902     
                  623  0.87685349199537299     
                  624   2.8552779007911394E-002
                  625   6.1315471669277755E-002
                  626   9.4372712079305421E-002
                  627  0.24890370256269423     
                  628   7.5589117834695796E-002
                  629  0.25109385779908044     
                  630  0.42951773428706641     
                  631  0.81451291561764905     
                  632  0.50009005997346179     
                  633  0.75654905337349032     
                  634  0.57188615967124901     
                  635  0.51448425959550592     
                  636  0.46054433343367668     
                  637  0.63815428398439988     
                  638  0.78912906091701207     
                  639   7.1261116749615383E-002
                  640   7.2034886365385353E-002
                  641  0.23776676874070080     
                  642  0.38912837930637312     
                  643  0.80588362362218513     
                  644  0.42346274424646357     
                  645  0.57307873624087391     
                  646  0.88058870038323733     
                  647   9.5641262825214207E-002
                  648  0.21079542904541737     
                  649  0.28479177926395705     
                  650  0.73816814291096688     
                  651  0.10378821281647205     
                  652   4.2498662769972606E-002
                  653  0.15653873138809704     
                  654  0.46123899774608990     
                  655  0.31401205636617435     
                  656  0.61541838905357016     
                  657  0.71480923737440005     
                  658  0.15873310614838421     
                  659   2.5313537818233423E-002
                  660   9.2191207120758997E-002
                  661  0.25681985551420788     
                  662   2.4449681373011511E-002
                  663   8.1470633087261574E-002
                  664  0.13891645546651654     
                  665  0.32586578731125709     
                  666  0.30937347013960625     
                  667  0.79576329871001150     
                  668  0.16191383919337882     
                  669  0.17964462121911651     
                  670  0.54454385181816722     
                  671  0.54165003181365778     
                  672  0.56508234180110706     
                  673  0.57541511589453087     
                  674  0.48433693227989355     
                  675  0.44268011652996309     
                  676  0.70984835005283720     
                  677  0.73599029773122804     
                  678  0.45424291072755796     
                  679  0.25664896477257848     
                  680  0.53433077119610761     
                  681  0.62523659825397904     
                  682  0.58729574334908841     
                  683  0.21167330734691603     
                  684  0.23189242538140820     
                  685  0.67286553824191309     
                  686  0.52347424651937002     
                  687   8.7027169351238109E-003
                  688   1.4910991848029798E-002
                  689   3.5530467329821458E-002
                  690   3.5905623767602979E-002
                  691  0.11959398930567008     
                  692  0.20401286415169029     
                  693  0.46609991995917160     
                  694  0.42728209794021998     
                  695  0.74186829081080319     
                  696  0.68229244471132411     
                  697  0.59034128533043284     
                  698   9.1340196462041723E-002
                  699  0.10234874109056025     
                  700  0.32325607775336862     
                  701  0.39377373757618039     
                  702  0.90336424517752112     
                  703   9.1349704180557489E-003
                  704   2.2975761428482011E-002
                  705   1.5798721790420744E-002
                  706   5.7044718843236669E-002
                  707  0.15227158277883046     
                  708   4.0075406234261313E-002
                  709  0.14570345373381877     
                  710  0.40367931922746464     
                  711   6.1501337001463874E-002
                  712  0.15795857020500514     
                  713   8.2685670426810076E-002
                  714  0.29102001299655889     
                  715  0.69724276732482093     
                  716  0.22344716131288456     
                  717   1.6402526605443501E-003
                  718   5.6780910147451735E-003
                  719   1.2154035174878897E-002
                  720   1.8961482165417376E-002
                  721   4.9928335715149208E-002
                  722   1.9058561339117763E-002
                  723   7.1640146692173237E-002
                  724  0.23042550189201313     
                  725  0.31372402846861791     
                  726  0.78750883887118095     
                  727   5.2851988452562448E-002
                  728   5.2276145868927260E-002
                  729  0.17461772463676209     
                  730  0.30538073655829812     
                  731  0.63645495625516935     
                  732  0.60585071928534995     
                  733  0.14424621837232021     
                  734  0.13839246589774912     
                  735  0.44682607286824716     
                  736  0.67487531041757021     
                  737  0.77818874506754088     
                  738  0.28534953446700606     
                  739  0.26829758002010662     
                  740  0.74426039770334218     
                  741  0.41520805586977033     
                  742  0.25977953282350652     
                  743  0.60024822506334663     
                  744  0.39335991480898624     
                  745  0.32481611561241985     
                  746  0.74812200859183675     
                  747  0.28112241176680808     
                  748  0.16462710270721537     
                  749  0.50429417383755448     
                  750  0.53048426543495797     
                  751  0.69706215428764695     
                  752  0.55246362114957626     
                  753  0.14000485472504154     
                  754  0.20133715092623972     
                  755  0.53642427003168480     
                  756   7.6474003443935956E-003
                  757   1.2284255558440704E-002
                  758   3.1455608539564528E-002
                  759   1.7980756988555280E-002
                  760   6.6171962762321193E-002
                  761  0.19342333204372281     
                  762   8.8006195733453918E-002
                  763  0.30413849171692137     
                  764  0.66323801386743209     
                  765  0.49867766411849940     
                  766   6.8286643422068694E-002
                  767  0.12987191392085262     
                  768  0.26056575851178865     
                  769  0.44478339479818996     
                  770  0.82937818752586079     
                  771  0.47224579756484536     
                  772  0.79199791709167877     
                  773  0.55846391857301925     
                  774  0.72085062822651569     
                  775  0.42179303704676202     
                  776  0.15761114169479373     
                  777  0.37724544442002000     
                  778  0.29915098179524735     
                  779  0.72592193114393477     
                  780  0.15164119163728701     
                  781   4.2692432841491379E-002
                  782  0.15506867723517431     
                  783  0.42791377378661283     
                  784   6.1530826620564971E-002
                  785  0.14843840694839106     
                  786  0.13534922190085885     
                  787  0.44173235405165467     
                  788  0.71444321824481394     
                  789  0.72949954853410148     
                  790  0.47565660276792954     
                  791  0.24396926087509185     
                  792  0.47688300935545391     
                  793  0.70412512420387685     
                  794  0.69501448918190833     
                  795  0.35007434405445709     
                  796   1.5389098982861449E-002
                  797   4.4539509290290824E-002
                  798   1.5092908737249555E-002
                  799   5.7026430193047213E-002
                  800  0.18753290507330669     
                  801  0.29654986813754858     
                  802  0.68995343924074315     
                  803  0.31645129475528583     
                  804   1.0250948724983888E-002
                  805   3.1465257017025294E-002
                  806   2.7075094854982051E-002
                  807   9.4040384583547160E-002
                  808  0.20561308869570338     
                  809  0.28621593272396273     
                  810  0.73059179884100289     
                  811   3.3374655876875992E-002
                  812   1.0473726289985774E-002
                  813   3.9730175308376789E-002
                  814  0.13286711511763069     
                  815  0.23291925800134883     
                  816  0.50706115235619231     
                  817  0.53667097719829637     
                  818  0.68981688369283534     
                  819  0.53687656477352275     
                  820   8.7951398381969970E-002
                  821  0.13977472342383790     
                  822  0.35336208101837874     
                  823  0.17782442873606708     
                  824  0.48911065832305212     
                  825   8.7126850529745226E-002
                  826  0.17156123760870046     
                  827  0.31796441423504540     
                  828  0.60545690536050234     
                  829  0.75658475934390756     
                  830  0.15942814890562906     
                  831  0.10148351615634821     
                  832  0.35015537025551191     
                  833  0.76390258854577475     
                  834  0.39343757452104544     
                  835  0.32803979953254503     
                  836  0.75320458008935032     
                  837  0.28303337575742499     
                  838  0.18259480032657804     
                  839  0.55110919308174577     
                  840  0.53107191549481869     
                  841  0.54038745317827441     
                  842  0.61242706678725545     
                  843  0.57013465597725355     
                  844  0.28046740751315302     
                  845  0.33499804000704436     
                  846  0.84562200815579969     
                  847  0.17773133108855999     
                  848  0.31091050374272144     
                  849  0.64506016383160891     
                  850  0.60948838072946621     
                  851   9.6758658764915739E-002
                  852   9.1018043153506589E-002
                  853  0.30361635738973897     
                  854  0.53955626971240833     
                  855  0.83796763408605823     
                  856  0.31351073766606047     
                  857  0.53193219885967991     
                  858  0.87507399166973276     
                  859  0.25440018183554836     
                  860  0.55073844728622690     
                  861  0.55242799817967414     
                  862  0.54246121950947024     
                  863  0.53615203710726211     
                  864  0.57217321438199442     
                  865  0.59464182892030981     
                  866  0.45027455793279980     
                  867  0.36294184566059007     
                  868  0.70581801291662039     
                  869  0.65828862693760493     
                  870  0.30945971553900881     
                  871  0.11144573666861302     
                  872  0.33871858912883779     
                  873  0.29277396877502271     
                  874  0.75613368538863224     
                  875  0.11530727824144693     
                  876   7.1565432503323478E-002
                  877  0.25440962601848027     
                  878  0.63791812673240400     
                  879  0.12929314828978566     
                  880   8.4825792986854442E-002
                  881  0.29736721367577479     
                  882  0.69868746426503514     
                  883  0.28027738777777916     
                  884   1.0510623103359595E-002
                  885   3.4030417018565629E-002
                  886   4.7336842343276841E-002
                  887  0.13608174635224901     
                  888   4.0597850565506910E-002
                  889  0.14868081366189920     
                  890  0.42638176814515033     
                  891  0.18472774923620627     
                  892  0.43210058305700288     
                  893  0.36698027377635545     
                  894  0.74644582052773911     
                  895  0.54639711804214430     
                  896  0.41710421109996809     
                  897  0.51338018602574942     
                  898  0.89151624098783311     
                  899  0.25616456219101469     
                  900  0.61235469082384975     
                  901  0.29524505084442515     
                  902  0.23906519334159881     
                  903  0.67975709386898164     
                  904  0.43304584402567475     
                  905   1.8883473320850608E-002
                  906   4.5081289254324197E-002
                  907   4.5025828731695472E-002
                  908  0.15023429768682131     
                  909  0.26007033219210995     
                  910  0.56612695052624473     
                  911  0.54026743284115830     
                  912  0.48385607783867829     
                  913  0.56761851873407310     
                  914  0.75876314555172331     
                  915  0.33712682404559036     
                  916  0.24907050367449890     
                  917  0.67041996235324797     
                  918  0.17115825524568617     
                  919   5.3450718739859404E-002
                  920  0.19103015541401214     
                  921  0.48857769038075832     
                  922  0.14457878868044172     
                  923  0.28124106840466634     
                  924  0.50516310410928056     
                  925  0.81889179044216931     
                  926  0.44757226521060067     
                  927  0.68456387746070702     
                  928  0.76589282538661918     
                  929  0.32971157079422087     
                  930  0.26955951503149800     
                  931  0.71944755900997959     
                  932  0.19951742904453518     
                  933   4.4924870611558920E-002
                  934  0.15792681509830686     
                  935  0.37007796531563270     
                  936  0.33715321532459386     
                  937  0.79831753101095548     
                  938  0.12867477352903883     
                  939  0.14586075588359815     
                  940  0.44919314048156572     
                  941  0.47466239754521672     
                  942  0.81587317657668379     
                  943  0.50288177899900999     
                  944  0.77021478712223146     
                  945  0.54337786245177777     
                  946  0.55726068047829280     
                  947  0.56951001215377373     
                  948  0.51622156968108679     
                  949  0.46984991771321277     
                  950  0.63811750934608735     
                  951  0.77007704204264504     
                  952   4.1236836621398543E-002
                  953   3.2019186944161060E-002
                  954  0.11323684534567524     
                  955  0.27293178026301873     
                  956  0.23103903928845693     
                  957  0.67274709059846749     
                  958  0.54126460747544947     
                  959   1.7129073217119206E-003
                  960   2.6819559579238650E-003
                  961   7.0413863168670154E-003
                  962   2.8493387782017043E-003
                  963   1.0739129337667991E-002
                  964   3.4917807750178831E-002
                  965   5.0129162054876497E-002
                  966  0.14092395461428081     
                  967   1.6886162579205721E-002
                  968   6.2295445296543753E-002
                  969  0.18413645552115343     
                  970  0.10082780007140824     
                  971  0.34652719539819676     
                  972  0.73946545132585317     
                  973  0.47150873693479134     
                  974  0.29131405087528861     
                  975  0.56107463791182755     
                  976  0.74872196660040080     
                  977  0.37811265043432601     
                  978  0.24559491045350867     
                  979  0.62011932218987176     
                  980  0.11966508459796765     
                  981   9.9642268423054681E-002
                  982  0.33807260129117656     
                  983  0.67004847755642594     
                  984  0.66705069457423538     
                  985   9.7905659257856603E-002
                  986   3.6152722268942172E-002
                  987  0.13406493055065702     
                  988  0.40684273520850345     
                  989  0.36354411156595501     
                  990  0.78552500087714938     
                  991  0.38160825942321752     
                  992  0.41233099655063088     
                  993  0.87886069340301276     
                  994  0.22268388743970871     
                  995  0.49135320054811682     
                  996  0.50612705308387196     
                  997  0.72745152964604598     
                  998  0.59646965229946858     
                  999  0.36576377666121734     
                 1000  0.32470173548049230     
