    0.2496950591804489E+00     0.4401949995387917E-01
    0.4987855247045924E+00     0.8798250016454609E-01
    0.7472738210889109E+00     0.1318891893345953E+00
    0.9951623831841994E+00     0.1757397594363487E+00
    0.1242453655273629E+01     0.2195344055606061E+00
    0.1489150090187786E+01     0.2632733257674997E+00
    0.1735254148437108E+01     0.3069567209395496E+00
    0.1980768297362109E+01     0.3505847946370074E+00
    0.2225695010301687E+01     0.3941577529555654E+00
    0.2470036765779793E+01     0.4376758043864993E+00
    0.2713796046710667E+01     0.4811391596793050E+00
    0.2956975339622808E+01     0.5245480317068808E+00
    0.3199577133901798E+01     0.5679026353332989E+00
    0.3441603921052050E+01     0.6112031872842026E+00
    0.3683058193977539E+01     0.6544499060198595E+00
    0.3923942446281488E+01     0.6976430116108921E+00
    0.4164259171585003E+01     0.7407827256167044E+00
    0.4404010862864570E+01     0.7838692709666142E+00
    0.4643200011808338E+01     0.8269028718436968E+00
    0.4881829108191049E+01     0.8698837535713418E+00
    0.5119900639267477E+01     0.9128121425025166E+00
    0.5357417089184199E+01     0.9556882659117296E+00
    0.5594380938409519E+01     0.9985123518896803E+00
    0.5830794663181307E+01     0.1041284629240579E+01
    0.6066660734972558E+01     0.1084005327382117E+01
    0.6301981619974400E+01     0.1126674676248064E+01
    0.6536759778596307E+01     0.1169292906193466E+01
    0.6770997664983235E+01     0.1211860247902418E+01
    0.7004697726549420E+01     0.1254376932298377E+01
    0.7237862403528517E+01     0.1296843190456982E+01
    0.7470494128539809E+01     0.1339259253521356E+01
    0.7702595326170162E+01     0.1381625352619834E+01
    0.7934168412571422E+01     0.1423941718786098E+01
    0.8165215795072937E+01     0.1466208582881672E+01
    0.8395739871808875E+01     0.1508426175520735E+01
    0.8625743031360029E+01     0.1550594726997208E+01
    0.8855227652409779E+01     0.1592714467214088E+01
    0.9084196103413870E+01     0.1634785625614962E+01
    0.9312650742283708E+01     0.1676808431117681E+01
    0.9540593916082827E+01     0.1718783112050134E+01
    0.9768027960736209E+01     0.1760709896088091E+01
    0.9994955200752129E+01     0.1802589010195052E+01
    0.1022137794895622E+02     0.1844420680564086E+01
    0.1044729850623741E+02     0.1886205132561582E+01
    0.1067271916130548E+02     0.1927942590672903E+01
    0.1089764219045979E+02     0.1969633278449869E+01
    0.1112206985736910E+02     0.2011277418460043E+01
    0.1134600441286190E+02     0.2052875232237774E+01
    0.1156944809472720E+02     0.2094426940236950E+01
    0.1179240312752535E+02     0.2135932761785422E+01
    0.1201487172240859E+02     0.2177392915041055E+01
    0.1223685607695113E+02     0.2218807616949369E+01
    0.1245835837498843E+02     0.2260177083202727E+01
    0.1267938078646543E+02     0.2301501528201020E+01
    0.1289992546729338E+02     0.2342781165013835E+01
    0.1311999455921514E+02     0.2384016205344037E+01
    0.1333959018967862E+02     0.2425206859492751E+01
    0.1355871447171809E+02     0.2466353336325692E+01
    0.1377736950384312E+02     0.2507455843240812E+01
    0.1399555736993505E+02     0.2548514586137233E+01
    0.1421328013915046E+02     0.2589529769385416E+01
    0.1443053986583173E+02     0.2630501595798552E+01
    0.1464733858942431E+02     0.2671430266605129E+01
    0.1486367833440040E+02     0.2712315981422635E+01
    0.1507956111018909E+02     0.2753158938232388E+01
    0.1529498891111249E+02     0.2793959333355440E+01
    0.1550996371632776E+02     0.2834717361429537E+01
    0.1572448748977494E+02     0.2875433215387097E+01
    0.1593856218013017E+02     0.2916107086434188E+01
    0.1615218972076434E+02     0.2956739164030468E+01
    0.1636537202970688E+02     0.2997329635870061E+01
    0.1657811100961448E+02     0.3037878687863351E+01
    0.1679040854774473E+02     0.3078386504119658E+01
    0.1700226651593432E+02     0.3118853266930773E+01
    0.1721368677058181E+02     0.3159279156755338E+01
    0.1742467115263471E+02     0.3199664352204027E+01
    0.1763522148758077E+02     0.3240009030025527E+01
    0.1784533958544334E+02     0.3280313365093284E+01
    0.1805502724078062E+02     0.3320577530392988E+01
    0.1826428623268878E+02     0.3360801697010798E+01
    0.1847311832480861E+02     0.3400986034122256E+01
    0.1868152526533579E+02     0.3441130708981894E+01
    0.1888950878703458E+02     0.3481235886913510E+01
    0.1909707060725474E+02     0.3521301731301084E+01
    0.1930421242795167E+02     0.3561328403580330E+01
    0.1951093593570964E+02     0.3601316063230852E+01
    0.1971724280176791E+02     0.3641264867768909E+01
    0.1992313468204984E+02     0.3681174972740745E+01
    0.2012861321719460E+02     0.3721046531716493E+01
    0.2033368003259170E+02     0.3760879696284622E+01
    0.2053833673841801E+02     0.3800674616046916E+01
    0.2074258492967729E+02     0.3840431438613981E+01
    0.2094642618624209E+02     0.3880150309601250E+01
    0.2114986207289807E+02     0.3919831372625481E+01
    0.2135289413939041E+02     0.3959474769301738E+01
    0.2155552392047249E+02     0.3999080639240839E+01
    0.2175775293595662E+02     0.4038649120047254E+01
    0.2195958269076677E+02     0.4078180347317455E+01
    0.2216101467499328E+02     0.4117674454638689E+01
    0.2236205036394940E+02     0.4157131573588180E+01
    0.2256269121822967E+02     0.4196551833732739E+01
    0.2276293868377006E+02     0.4235935362628775E+01
    0.2296279419190975E+02     0.4275282285822699E+01
    0.2316225915945459E+02     0.4314592726851703E+01
    0.2336133498874213E+02     0.4353866807244923E+01
    0.2356002306770812E+02     0.4393104646524956E+01
    0.2375832476995450E+02     0.4432306362209737E+01
    0.2395624145481887E+02     0.4471472069814758E+01
    0.2415377446744522E+02     0.4510601882855634E+01
    0.2435092513885603E+02     0.4549695912850994E+01
    0.2454769478602566E+02     0.4588754269325695E+01
    0.2474408471195495E+02     0.4627777059814358E+01
    0.2494009620574697E+02     0.4666764389865207E+01
    0.2513573054268400E+02     0.4705716363044217E+01
    0.2533098898430552E+02     0.4744633080939550E+01
    0.2552587277848732E+02     0.4783514643166293E+01
    0.2572038315952165E+02     0.4822361147371463E+01
    0.2591452134819829E+02     0.4861172689239305E+01
    0.2610828855188667E+02     0.4899949362496852E+01
    0.2630168596461883E+02     0.4938691258919755E+01
    0.2649471476717334E+02     0.4977398468338373E+01
    0.2668737612715999E+02     0.5016071078644114E+01
    0.2687967119910540E+02     0.5054709175796035E+01
    0.2707160112453937E+02     0.5093312843827681E+01
    0.2726316703208201E+02     0.5131882164854158E+01
    0.2745437003753159E+02     0.5170417219079456E+01
    0.2764521124395315E+02     0.5208918084803990E+01
    0.2783569174176771E+02     0.5247384838432371E+01
    0.2802581260884226E+02     0.5285817554481400E+01
    0.2821557491058021E+02     0.5324216305588278E+01
    0.2840497970001264E+02     0.5362581162519028E+01
    0.2859402801788996E+02     0.5400912194177126E+01
    0.2878272089277426E+02     0.5439209467612339E+01
    0.2897105934113212E+02     0.5477473048029760E+01
    0.2915904436742792E+02     0.5515702998799044E+01
    0.2934667696421774E+02     0.5553899381463830E+01
    0.2953395811224360E+02     0.5592062255751361E+01
    0.2972088878052825E+02     0.5630191679582283E+01
    0.2990746992647034E+02     0.5668287709080628E+01
    0.3009370249593998E+02     0.5706350398583976E+01
    0.3027958742337476E+02     0.5744379800653787E+01
    0.3046512563187604E+02     0.5782375966085912E+01
    0.3065031803330567E+02     0.5820338943921262E+01
    0.3083516552838300E+02     0.5858268781456655E+01
    0.3101966900678223E+02     0.5896165524255803E+01
    0.3120382934722998E+02     0.5934029216160481E+01
    0.3138764741760326E+02     0.5971859899301831E+01
    0.3157112407502757E+02     0.6009657614111826E+01
    0.3175426016597531E+02     0.6047422399334878E+01
    0.3193705652636444E+02     0.6085154292039596E+01
    0.3211951398165726E+02     0.6122853327630679E+01
    0.3230163334695943E+02     0.6160519539860950E+01
    0.3248341542711922E+02     0.6198152960843527E+01
    0.3266486101682677E+02     0.6235753621064120E+01
    0.3284597090071365E+02     0.6273321549393465E+01
    0.3302674585345245E+02     0.6310856773099878E+01
    0.3320718663985651E+02     0.6348359317861930E+01
    0.3338729401497973E+02     0.6385829207781250E+01
    0.3356706872421649E+02     0.6423266465395437E+01
    0.3374651150340161E+02     0.6460671111691086E+01
    0.3392562307891036E+02     0.6498043166116932E+01
    0.3410440416775852E+02     0.6535382646597089E+01
    0.3428285547770242E+02     0.6572689569544408E+01
    0.3446097770733906E+02     0.6609963949873923E+01
    0.3463877154620616E+02     0.6647205801016408E+01
    0.3481623767488217E+02     0.6684415134932021E+01
    0.3499337676508635E+02     0.6721591962124038E+01
    0.3517018947977866E+02     0.6758736291652695E+01
    0.3534667647325969E+02     0.6795848131149090E+01
    0.3552283839127046E+02     0.6832927486829194E+01
    0.3569867587109215E+02     0.6869974363507927E+01
    0.3587418954164572E+02     0.6906988764613315E+01
    0.3604938002359140E+02     0.6943970692200730E+01
    0.3622424792942808E+02     0.6980920146967191E+01
    0.3639879386359250E+02     0.7017837128265744E+01
    0.3657301842255836E+02     0.7054721634119904E+01
    0.3674692219493517E+02     0.7091573661238159E+01
    0.3692050576156701E+02     0.7128393205028537E+01
    0.3709376969563105E+02     0.7165180259613235E+01
    0.3726671456273579E+02     0.7201934817843295E+01
    0.3743934092101924E+02     0.7238656871313336E+01
    0.3761164932124677E+02     0.7275346410376338E+01
    0.3778364030690864E+02     0.7312003424158470E+01
    0.3795531441431750E+02     0.7348627900573961E+01
    0.3812667217270536E+02     0.7385219826340014E+01
    0.3829771410432047E+02     0.7421779186991756E+01
    0.3846844072452385E+02     0.7458305966897231E+01
    0.3863885254188549E+02     0.7494800149272410E+01
    0.3880895005828026E+02     0.7531261716196249E+01
    0.3897873376898352E+02     0.7567690648625761E+01
    0.3914820416276635E+02     0.7604086926411122E+01
    0.3931736172199050E+02     0.7640450528310791E+01
    0.3948620692270288E+02     0.7676781432006655E+01
    0.3965474023472979E+02     0.7713079614119190E+01
    0.3982296212177073E+02     0.7749345050222628E+01
    0.3999087304149182E+02     0.7785577714860149E+01
    0.4015847344561881E+02     0.7821777581559072E+01
