    0.1934359840980797E+00     0.3410141682831789E-01
    0.3864035962176720E+00     0.6815906393421746E-01
    0.5789049258779793E+00     0.1021731248331838E+00
    0.7709420821952155E+00     0.1361437877515384E+00
    0.9625171927592390E+00     0.1700712454434082E+00
    0.1153632402525583E+01     0.2039556950092983E+00
    0.1344289872724137E+01     0.2377973377165084E+00
    0.1534491779785601E+01     0.2715963788216129E+00
    0.1724240314286730E+01     0.3053530273952063E+00
    0.1913537679915261E+01     0.3390674961490955E+00
    0.2102386092455314E+01     0.3727400012661036E+00
    0.2290787778793951E+01     0.4063707622326327E+00
    0.2478744975949486E+01     0.4399600016741145E+00
    0.2666259930122030E+01     0.4735079451934652E+00
    0.2853334895766696E+01     0.5070148212126429E+00
    0.3039972134689761E+01     0.5404808608173928E+00
    0.3226173915168063E+01     0.5739062976052527E+00
    0.3411942511091774E+01     0.6072913675368765E+00
    0.3597280201130678E+01     0.6406363087907238E+00
    0.3782189267923981E+01     0.6739413616211498E+00
    0.3966671997293645E+01     0.7072067682199233E+00
    0.4150730677481170E+01     0.7404327725811848E+00
    0.4334367598407705E+01     0.7736196203698535E+00
    0.4517585050957318E+01     0.8067675587934813E+00
    0.4700385326283225E+01     0.8398768364775415E+00
    0.4882770715136729E+01     0.8729477033441387E+00
    0.5064743507218582E+01     0.9059804104941134E+00
    0.5246305990552475E+01     0.9389752100925141E+00
    0.5427460450880309E+01     0.9719323552574012E+00
    0.5608209171078883E+01     0.1004852099951943E+01
    0.5788554430597628E+01     0.1037734698879763E+01
    0.5968498504916981E+01     0.1070580407383480E+01
    0.6148043665026972E+01     0.1103389481346410E+01
    0.6327192176925617E+01     0.1136162177097351E+01
    0.6505946301136656E+01     0.1168898751318415E+01
    0.6684308292246189E+01     0.1201599460955833E+01
    0.6862280398457766E+01     0.1234264563133683E+01
    0.7039864861165458E+01     0.1266894315070467E+01
    0.7217063914544434E+01     0.1299488973998488E+01
    0.7393879785158607E+01     0.1332048797085942E+01
    0.7570314691584834E+01     0.1364574041361679E+01
    0.7746370844053254E+01     0.1397064963642554E+01
    0.7922050444103248E+01     0.1429521820463306E+01
    0.8097355684254596E+01     0.1461944868008895E+01
    0.8272288747693347E+01     0.1494334362049232E+01
    0.8446851807971955E+01     0.1526690557876242E+01
    0.8621047028723233E+01     0.1559013710243174E+01
    0.8794876563387675E+01     0.1591304073306119E+01
    0.8968342554953711E+01     0.1623561900567648E+01
    0.9141447135710466E+01     0.1655787444822516E+01
    0.9314192427012598E+01     0.1687980958105366E+01
    0.9486580539056794E+01     0.1720142691640378E+01
    0.9658613570669539E+01     0.1752272895792779E+01
    0.9830293609105727E+01     0.1784371820022182E+01
    0.1000162272985775E+02     0.1816439712837674E+01
    0.1017260299647468E+02     0.1848476821754597E+01
    0.1034323646039116E+02     0.1880483393252977E+01
    0.1051352516076567E+02     0.1912459672737528E+01
    0.1068347112432777E+02     0.1944405904499185E+01
    0.1085307636523401E+02     0.1976322331678115E+01
    0.1102234288493222E+02     0.2008209196228149E+01
    0.1119127267203370E+02     0.2040066738882576E+01
    0.1135986770219319E+02     0.2071895199121273E+01
    0.1152812993799620E+02     0.2103694815139092E+01
    0.1169606132885336E+02     0.2135465823815482E+01
    0.1186366381090170E+02     0.2167208460685288E+01
    0.1203093930691229E+02     0.2198922959910680E+01
    0.1219788972620426E+02     0.2230609554254182E+01
    0.1236451696456477E+02     0.2262268475052739E+01
    0.1253082290417467E+02     0.2293899952192807E+01
    0.1269680941353971E+02     0.2325504214086397E+01
    0.1286247834742700E+02     0.2357081487648062E+01
    0.1302783154680648E+02     0.2388631998272773E+01
    0.1319287083879722E+02     0.2420155969814650E+01
    0.1335759803661831E+02     0.2451653624566526E+01
    0.1352201493954417E+02     0.2483125183240290E+01
    0.1368612333286402E+02     0.2514570864948000E+01
    0.1384992498784542E+02     0.2545990887183712E+01
    0.1401342166170156E+02     0.2577385465806010E+01
    0.1417661509756231E+02     0.2608754815021209E+01
    0.1433950702444866E+02     0.2640099147367192E+01
    0.1450209915725055E+02     0.2671418673697858E+01
    0.1466439319670785E+02     0.2702713603168164E+01
    0.1482639082939435E+02     0.2733984143219728E+01
    0.1498809372770467E+02     0.2765230499566967E+01
    0.1514950354984386E+02     0.2796452876183751E+01
    0.1531062193981966E+02     0.2827651475290555E+01
    0.1547145052743722E+02     0.2858826497342077E+01
    0.1563199092829621E+02     0.2889978141015318E+01
    0.1579224474379014E+02     0.2921106603198079E+01
    0.1595221356110787E+02     0.2952212078977891E+01
    0.1611189895323716E+02     0.2983294761631322E+01
    0.1627130247897007E+02     0.3014354842613683E+01
    0.1643042568291035E+02     0.3045392511549077E+01
    0.1658927009548245E+02     0.3076407956220815E+01
    0.1674783723294228E+02     0.3107401362562146E+01
    0.1690612859738948E+02     0.3138372914647325E+01
    0.1706414567678128E+02     0.3169322794682969E+01
    0.1722188994494773E+02     0.3200251182999714E+01
    0.1737936286160829E+02     0.3231158258044156E+01
    0.1753656587238978E+02     0.3262044196371055E+01
    0.1769350040884547E+02     0.3292909172635797E+01
    0.1785016788847540E+02     0.3323753359587109E+01
    0.1800656971474782E+02     0.3354576928060010E+01
    0.1816270727712165E+02     0.3385380046968989E+01
    0.1831858195107000E+02     0.3416162883301411E+01
    0.1847419509810462E+02     0.3446925602111127E+01
    0.1862954806580130E+02     0.3477668366512295E+01
    0.1878464218782613E+02     0.3508391337673401E+01
    0.1893947878396262E+02     0.3539094674811464E+01
    0.1909405916013962E+02     0.3569778535186435E+01
    0.1924838460846000E+02     0.3600443074095776E+01
    0.1940245640723013E+02     0.3631088444869206E+01
    0.1955627582099001E+02     0.3661714798863628E+01
    0.1970984410054411E+02     0.3692322285458216E+01
    0.1986316248299292E+02     0.3722911052049665E+01
    0.2001623219176508E+02     0.3753481244047602E+01
    0.2016905443665020E+02     0.3784033004870154E+01
    0.2032163041383221E+02     0.3814566475939661E+01
    0.2047396130592339E+02     0.3845081796678551E+01
    0.2062604828199892E+02     0.3875579104505356E+01
    0.2077789249763205E+02     0.3906058534830879E+01
    0.2092949509492972E+02     0.3936520221054501E+01
    0.2108085720256889E+02     0.3966964294560643E+01
    0.2123197993583325E+02     0.3997390884715359E+01
    0.2138286439665060E+02     0.4027800118863079E+01
    0.2153351167363064E+02     0.4058192122323502E+01
    0.2168392284210340E+02     0.4088567018388614E+01
    0.2183409896415810E+02     0.4118924928319867E+01
    0.2198404108868261E+02     0.4149265971345493E+01
    0.2213375025140338E+02     0.4179590264657963E+01
    0.2228322747492598E+02     0.4209897923411598E+01
    0.2243247376877602E+02     0.4240189060720315E+01
    0.2258149012944078E+02     0.4270463787655537E+01
    0.2273027754041128E+02     0.4300722213244237E+01
    0.2287883697222489E+02     0.4330964444467146E+01
    0.2302716938250852E+02     0.4361190586257106E+01
    0.2317527571602238E+02     0.4391400741497584E+01
    0.2332315690470429E+02     0.4421595011021346E+01
    0.2347081386771451E+02     0.4451773493609279E+01
    0.2361824751148128E+02     0.4481936285989393E+01
    0.2376545872974680E+02     0.4512083482835975E+01
    0.2391244840361394E+02     0.4542215176768919E+01
    0.2405921740159350E+02     0.4572331458353221E+01
    0.2420576657965207E+02     0.4602432416098654E+01
    0.2435209678126058E+02     0.4632518136459617E+01
    0.2449820883744348E+02     0.4662588703835162E+01
    0.2464410356682852E+02     0.4692644200569209E+01
    0.2478978177569730E+02     0.4722684706950941E+01
    0.2493524425803638E+02     0.4752710301215400E+01
    0.2508049179558922E+02     0.4782721059544258E+01
    0.2522552515790865E+02     0.4812717056066801E+01
    0.2537034510241021E+02     0.4842698362861103E+01
    0.2551495237442614E+02     0.4872665049955407E+01
    0.2565934770726011E+02     0.4902617185329708E+01
    0.2580353182224273E+02     0.4932554834917547E+01
    0.2594750542878776E+02     0.4962478062608020E+01
    0.2609126922444914E+02     0.4992386930247997E+01
    0.2623482389497882E+02     0.5022281497644562E+01
    0.2637817011438531E+02     0.5052161822567682E+01
    0.2652130854499306E+02     0.5082027960753086E+01
    0.2666423983750270E+02     0.5111879965905384E+01
    0.2680696463105202E+02     0.5141717889701412E+01
    0.2694948355327783E+02     0.5171541781793811E+01
    0.2709179722037864E+02     0.5201351689814840E+01
    0.2723390623717817E+02     0.5231147659380434E+01
    0.2737581119718973E+02     0.5260929734094494E+01
    0.2751751268268145E+02     0.5290697955553430E+01
    0.2765901126474236E+02     0.5320452363350938E+01
    0.2780030750334935E+02     0.5350192995083042E+01
    0.2794140194743500E+02     0.5379919886353365E+01
    0.2808229513495629E+02     0.5409633070778673E+01
    0.2822298759296413E+02     0.5439332579994654E+01
    0.2836347983767391E+02     0.5469018443661966E+01
    0.2850377237453673E+02     0.5498690689472530E+01
    0.2864386569831170E+02     0.5528349343156093E+01
    0.2878376029313904E+02     0.5557994428487036E+01
    0.2892345663261400E+02     0.5587625967291451E+01
    0.2906295517986180E+02     0.5617243979454477E+01
    0.2920225638761332E+02     0.5646848482927896E+01
    0.2934136069828176E+02     0.5676439493737989E+01
    0.2948026854404004E+02     0.5706017025993651E+01
    0.2961898034689926E+02     0.5735581091894778E+01
    0.2975749651878780E+02     0.5765131701740902E+01
    0.2989581746163144E+02     0.5794668863940097E+01
    0.3003394356743425E+02     0.5824192585018139E+01
    0.3017187521836032E+02     0.5853702869627930E+01
    0.3030961278681631E+02     0.5883199720559179E+01
    0.3044715663553486E+02     0.5912683138748340E+01
    0.3058450711765877E+02     0.5942153123288809E+01
    0.3072166457682598E+02     0.5971609671441372E+01
    0.3085862934725530E+02     0.6001052778644910E+01
    0.3099540175383302E+02     0.6030482438527353E+01
    0.3113198211220012E+02     0.6059898642916886E+01
    0.3126837072884036E+02     0.6089301381853397E+01
    0.3140456790116900E+02     0.6118690643600178E+01
    0.3154057391762228E+02     0.6148066414655860E+01
    0.3167638905774758E+02     0.6177428679766595E+01
    0.3181201359229424E+02     0.6206777421938468E+01
    0.3194744778330507E+02     0.6236112622450145E+01
    0.3208269188420848E+02     0.6265434260865756E+01
    0.3221774613991121E+02     0.6294742315048000E+01
    0.3235261078689171E+02     0.6324036761171471E+01
    0.3248728605329404E+02     0.6353317573736213E+01
    0.3262177215902239E+02     0.6382584725581482E+01
    0.3275606931583608E+02     0.6411838187899726E+01
    0.3289017772744511E+02     0.6441077930250774E+01
    0.3302409758960623E+02     0.6470303920576218E+01
    0.3315782909021937E+02     0.6499516125214011E+01
    0.3329137240942470E+02     0.6528714508913246E+01
    0.3342472771969990E+02     0.6557899034849135E+01
    0.3355789518595802E+02     0.6587069664638171E+01
    0.3369087496564563E+02     0.6616226358353466E+01
    0.3382366720884129E+02     0.6645369074540276E+01
    0.3395627205835439E+02     0.6674497770231686E+01
    0.3408868964982437E+02     0.6703612400964473E+01
    0.3422092011182004E+02     0.6732712920795119E+01
    0.3435296356593932E+02     0.6761799282315990E+01
    0.3448482012690911E+02     0.6790871436671660E+01
    0.3461648990268544E+02     0.6819929333575383E+01
    0.3474797299455371E+02     0.6848972921325709E+01
    0.3487926949722913E+02     0.6878002146823223E+01
    0.3501037949895735E+02     0.6907016955587434E+01
    0.3514130308161504E+02     0.6936017291773767E+01
    0.3527204032081072E+02     0.6965003098190692E+01
    0.3540259128598551E+02     0.6993974316316952E+01
    0.3553295604051394E+02     0.7022930886318909E+01
    0.3566313464180486E+02     0.7051872747067990E+01
    0.3579312714140216E+02     0.7080799836158229E+01
    0.3592293358508558E+02     0.7109712089923899E+01
    0.3605255401297139E+02     0.7138609443457235E+01
    0.3618198845961298E+02     0.7167491830626236E+01
    0.3631123695410134E+02     0.7196359184092539E+01
    0.3644029952016538E+02     0.7225211435329364E+01
    0.3656917617627212E+02     0.7254048514639533E+01
    0.3669786693572664E+02     0.7282870351173529E+01
    0.3682637180677189E+02     0.7311676872947631E+01
    0.3695469079268814E+02     0.7340468006862078E+01
    0.3708282389189235E+02     0.7369243678719294E+01
    0.3721077109803711E+02     0.7398003813242133E+01
    0.3733853240010932E+02     0.7426748334092174E+01
    0.3746610778252863E+02     0.7455477163888032E+01
    0.3759349722524541E+02     0.7484190224223700E+01
    0.3772070070383845E+02     0.7512887435686903E+01
    0.3784771818961227E+02     0.7541568717877468E+01
    0.3797454964969398E+02     0.7570233989425706E+01
    0.3810119504712974E+02     0.7598883168010786E+01
    0.3822765434098084E+02     0.7627516170379122E+01
    0.3835392748641925E+02     0.7656132912362747E+01
    0.3848001443482271E+02     0.7684733308897673E+01
    0.3860591513386935E+02     0.7713317274042248E+01
    0.3873162952763180E+02     0.7741884720995479E+01
    0.3885715755667078E+02     0.7770435562115346E+01
    0.3898249915812811E+02     0.7798969708937078E+01
    0.3910765426581921E+02     0.7827487072191400E+01
    0.3923262281032502E+02     0.7855987561822750E+01
    0.3935740471908331E+02     0.7884471087007446E+01
    0.3948199991647944E+02     0.7912937556171818E+01
    0.3960640832393644E+02     0.7941386877010289E+01
    0.3973062986000453E+02     0.7969818956503404E+01
    0.3985466444045001E+02     0.7998233700935804E+01
    0.3997851197834338E+02     0.8026631015914150E+01
    0.4010217238414698E+02     0.8055010806384971E+01
