    0.0000000000000000E+00     0.0000000000000000E+00
    0.1948632020948373E+00     0.1385858267140668E-01
    0.3892342510528564E+00     0.2806310912303144E-01
    0.5831146196002395E+00     0.4261186785221779E-01
    0.7765058050408729E+00     0.5750316003231738E-01
    0.9694093280651470E+00     0.7273529959002799E-01
    0.1161826731574145E+01     0.8830661327270985E-01
    0.1353759579520550E+01     0.1042154407059677E+00
    0.1545209455767469E+01     0.1204601344417928E+00
    0.1736177962966259E+01     0.1370390599975648E+00
    0.1926666721454310E+01     0.1539505958862174E+00
    0.2116677368173649E+01     0.1711931336378749E+00
    0.2306211555611094E+01     0.1887650778132669E+00
    0.2495270950760602E+01     0.2066648460092308E+00
    0.2683857234108363E+01     0.2248908688566092E+00
    0.2871972098641083E+01     0.2434415900108475E+00
    0.3059617248877827E+01     0.2623154661355969E+00
    0.3246794399925703E+01     0.2815109668796197E+00
    0.3433505276559588E+01     0.3010265748472959E+00
    0.3619751612326054E+01     0.3208607855630189E+00
    0.3805535148671539E+01     0.3410121074297676E+00
    0.3990857634094786E+01     0.3614790616821338E+00
    0.4175720823323499E+01     0.3822601823340783E+00
    0.4360126476515116E+01     0.4033540161216824E+00
    0.4544076358481550E+01     0.4247591224411538E+00
    0.4727572237937702E+01     0.4464740732823403E+00
    0.4910615886773526E+01     0.4684974531579954E+00
    0.5093209079349361E+01     0.4908278590290343E+00
    0.5275353591814245E+01     0.5134639002260084E+00
    0.5457051201446872E+01     0.5364041983670228E+00
    0.5638303686018841E+01     0.5596473872723082E+00
    0.5819112823179820E+01     0.5831921128756563E+00
    0.5999480389864220E+01     0.6070370331329153E+00
    0.6179408161718979E+01     0.6311808179277389E+00
    0.6358897912552010E+01     0.6556221489747698E+00
    0.6537951413800881E+01     0.6803597197204353E+00
    0.6716570434021279E+01     0.7053922352415236E+00
    0.6894756738394785E+01     0.7307184121417009E+00
    0.7072512088255504E+01     0.7563369784461244E+00
    0.7249838240635087E+01     0.7822466734942988E+00
    0.7426736947825650E+01     0.8084462478313158E+00
    0.7603209956960136E+01     0.8349344630976109E+00
    0.7779259009609639E+01     0.8617100919173650E+00
    0.7954885841397214E+01     0.8887719177856725E+00
    0.8130092181627704E+01     0.9161187349545894E+00
    0.8304879752933120E+01     0.9437493483181723E+00
    0.8479250270933104E+01     0.9716625732966113E+00
    0.8653205443910023E+01     0.9998572357195553E+00
    0.8826746972498238E+01     0.1028332171708721E+01
    0.8999876549387105E+01     0.1057086227559878E+01
    0.9172595859037258E+01     0.1086118259624281E+01
    0.9344906577409766E+01     0.1115427134189650E+01
    0.9516810371707709E+01     0.1145011727360745E+01
    0.9688308900129787E+01     0.1174870924939622E+01
    0.9859403811635527E+01     0.1205003622305635E+01
    0.1003009674572172E+02     0.1235408724295236E+01
    0.1020038933220967E+02     0.1266085145081641E+01
    0.1037028319104290E+02     0.1297031808054403E+01
    0.1053977993209491E+02     0.1328247645698965E+01
    0.1070888115498665E+02     0.1359731599476206E+01
    0.1087758844891342E+02     0.1391482619702061E+01
    0.1104590339248067E+02     0.1423499665427229E+01
    0.1121382755354858E+02     0.1455781704317021E+01
    0.1138136248908497E+02     0.1488327712531375E+01
    0.1154850974502622E+02     0.1521136674605080E+01
    0.1171527085614603E+02     0.1554207583328234E+01
    0.1188164734593152E+02     0.1587539439626962E+01
    0.1204764072646655E+02     0.1621131252444425E+01
    0.1221325249832190E+02     0.1654982038622147E+01
    0.1237848415045210E+02     0.1689090822781667E+01
    0.1254333716009856E+02     0.1723456637206556E+01
    0.1270781299269886E+02     0.1758078521724805E+01
    0.1287191310180186E+02     0.1792955523591601E+01
    0.1303563892898845E+02     0.1828086697372513E+01
    0.1319899190379771E+02     0.1863471104827099E+01
    0.1336197344365826E+02     0.1899107814792943E+01
    0.1352458495382455E+02     0.1934995903070138E+01
    0.1368682782731795E+02     0.1971134452306223E+01
    0.1384870344487240E+02     0.2007522551881584E+01
    0.1401021317488448E+02     0.2044159297795329E+01
    0.1417135837336763E+02     0.2081043792551637E+01
    0.1433214038391041E+02     0.2118175145046595E+01
    0.1449256053763873E+02     0.2155552470455527E+01
    0.1465262015318162E+02     0.2193174890120817E+01
    0.1481232053664065E+02     0.2231041531440231E+01
    0.1497166298156277E+02     0.2269151527755742E+01
    0.1513064876891636E+02     0.2307504018242859E+01
    0.1528927916707038E+02     0.2346098147800471E+01
    0.1544755543177660E+02     0.2384933066941189E+01
    0.1560547880615464E+02     0.2424007931682211E+01
    0.1576305052067977E+02     0.2463321903436695E+01
    0.1592027179317333E+02     0.2502874148905638E+01
    0.1607714382879573E+02     0.2542663839970284E+01
    0.1623366782004178E+02     0.2582690153585028E+01
    0.1638984494673846E+02     0.2622952271670850E+01
    0.1654567637604478E+02     0.2663449381009251E+01
    0.1670116326245394E+02     0.2704180673136708E+01
    0.1685630674779733E+02     0.2745145344239642E+01
    0.1701110796125073E+02     0.2786342595049894E+01
    0.1716556801934222E+02     0.2827771630740719E+01
    0.1731968802596198E+02     0.2869431660823289E+01
    0.1747346907237383E+02     0.2911321899043703E+01
    0.1762691223722848E+02     0.2953441563280516E+01
    0.1778001858657829E+02     0.2995789875442771E+01
    0.1793278917389371E+02     0.3038366061368545E+01
    0.1808522504008115E+02     0.3081169350724000E+01
    0.1823732721350231E+02     0.3124198976902953E+01
    0.1838909670999489E+02     0.3167454176926943E+01
    0.1854053453289469E+02     0.3210934191345823E+01
    0.1869164167305899E+02     0.3254638264138848E+01
    0.1884241910889117E+02     0.3298565642616287E+01
    0.1899286780636657E+02     0.3342715577321536E+01
    0.1914298871905958E+02     0.3387087321933756E+01
    0.1929278278817182E+02     0.3431680133171018E+01
    0.1944225094256145E+02     0.3476493270693969E+01
    0.1959139409877365E+02     0.3521525997010010E+01
    0.1974021316107204E+02     0.3566777577378006E+01
    0.1988870902147124E+02     0.3612247279713513E+01
    0.2003688255977043E+02     0.3657934374494526E+01
    0.2018473464358786E+02     0.3703838134667771E+01
    0.2033226612839641E+02     0.3749957835555519E+01
    0.2047947785756002E+02     0.3796292754762938E+01
    0.2062637066237119E+02     0.3842842172085993E+01
    0.2077294536208928E+02     0.3889605369419886E+01
    0.2091920276397984E+02     0.3936581630668050E+01
    0.2106514366335474E+02     0.3983770241651696E+01
    0.2121076884361332E+02     0.4031170490019927E+01
    0.2135607907628434E+02     0.4078781665160413E+01
    0.2150107512106887E+02     0.4126603058110648E+01
    0.2164575772588399E+02     0.4174633961469781E+01
    0.2179012762690748E+02     0.4222873669311039E+01
    0.2193418554862324E+02     0.4271321477094745E+01
    0.2207793220386771E+02     0.4319976681581934E+01
    0.2222136829387708E+02     0.4368838580748593E+01
    0.2236449450833540E+02     0.4417906473700500E+01
    0.2250731152542352E+02     0.4467179660588716E+01
    0.2264982001186896E+02     0.4516657442525696E+01
    0.2279202062299663E+02     0.4566339121502051E+01
    0.2293391400278036E+02     0.4616224000303977E+01
    0.2307550078389542E+02     0.4666311382431337E+01
    0.2321678158777185E+02     0.4716600572016427E+01
    0.2335775702464867E+02     0.4767090873743434E+01
    0.2349842769362902E+02     0.4817781592768583E+01
    0.2363879418273617E+02     0.4868672034641004E+01
    0.2377885706897042E+02     0.4919761505224316E+01
    0.2391861691836695E+02     0.4971049310618944E+01
    0.2405807428605455E+02     0.5022534757085182E+01
    0.2419722971631524E+02     0.5074217150967018E+01
    0.2433608374264488E+02     0.5126095798616723E+01
    0.2447463688781466E+02     0.5178170006320224E+01
    0.2461288966393355E+02     0.5230439080223276E+01
    0.2475084257251168E+02     0.5282902326258438E+01
    0.2488849610452466E+02     0.5335559050072877E+01
    0.2502585074047889E+02     0.5388408556956998E+01
    0.2516290695047779E+02     0.5441450151773926E+01
    0.2529966519428902E+02     0.5494683138889852E+01
    0.2543612592141265E+02     0.5548106822105251E+01
    0.2557228957115032E+02     0.5601720504586990E+01
    0.2570815657267539E+02     0.5655523488801333E+01
    0.2584372734510404E+02     0.5709515076447869E+01
    0.2597900229756740E+02     0.5763694568394363E+01
    0.2611398182928464E+02     0.5818061264612552E+01
    0.2624866632963703E+02     0.5872614464114898E+01
    0.2638305617824310E+02     0.5927353464892305E+01
    0.2651715174503465E+02     0.5982277563852828E+01
    0.2665095339033389E+02     0.6037386056761368E+01
    0.2678446146493151E+02     0.6092678238180379E+01
    0.2691767631016574E+02     0.6148153401411602E+01
    0.2705059825800246E+02     0.6203810838438828E+01
    0.2718322763111627E+02     0.6259649839871706E+01
    0.2731556474297255E+02     0.6315669694890615E+01
    0.2744760989791057E+02     0.6371869691192606E+01
    0.2757936339122746E+02     0.6428249114938427E+01
    0.2771082550926333E+02     0.6484807250700639E+01
    0.2784199652948725E+02     0.6541543381412844E+01
    0.2797287672058421E+02     0.6598456788320027E+01
    0.2810346634254312E+02     0.6655546750930020E+01
    0.2823376564674568E+02     0.6712812546966113E+01
    0.2836377487605626E+02     0.6770253452320806E+01
    0.2849349426491268E+02     0.6827868741010719E+01
    0.2862292403941795E+02     0.6885657685132667E+01
    0.2875206441743290E+02     0.6943619554820912E+01
    0.2888091560866975E+02     0.7001753618205594E+01
    0.2900947781478652E+02     0.7060059141372358E+01
    0.2913775122948242E+02     0.7118535388323171E+01
    0.2926573603859394E+02     0.7177181620938347E+01
    0.2939343242019197E+02     0.7235997098939788E+01
    0.2952084054467965E+02     0.7294981079855431E+01
    0.2964796057489105E+02     0.7354132818984922E+01
    0.2977479266619067E+02     0.7413451569366524E+01
    0.2990133696657372E+02     0.7472936581745239E+01
    0.3002759361676715E+02     0.7532587104542181E+01
    0.3015356275033139E+02     0.7592402383825173E+01
    0.3027924449376293E+02     0.7652381663280599E+01
    0.3040463896659742E+02     0.7712524184186484E+01
    0.3052974628151364E+02     0.7772829185386825E+01
    0.3065456654443796E+02     0.7833295903267166E+01
    0.3077909985464954E+02     0.7893923571731418E+01
    0.3090334630488610E+02     0.7954711422179923E+01
    0.3102730598145027E+02     0.8015658683488761E+01
    0.3115097896431649E+02     0.8076764581990306E+01
    0.3127436532723850E+02     0.8138028341455009E+01
    0.3139746513785725E+02     0.8199449183074437E+01
    0.3152027845780935E+02     0.8261026325445533E+01
    0.3164280534283596E+02     0.8322758984556115E+01
    0.3176504584289210E+02     0.8384646373771600E+01
    0.3188700000225637E+02     0.8446687703822954E+01
    0.3200866785964100E+02     0.8508882182795851E+01
    0.3213004944830230E+02     0.8571229016121055E+01
    0.3225114479615138E+02     0.8633727406566001E+01
    0.3237195392586515E+02     0.8696376554227571E+01
    0.3249247685499761E+02     0.8759175656526079E+01
    0.3261271359609134E+02     0.8822123908200410E+01
    0.3273266415678916E+02     0.8885220501304364E+01
    0.3285232853994601E+02     0.8948464625204146E+01
    0.3297170674374092E+02     0.9011855466577027E+01
    0.3309079876178907E+02     0.9075392209411140E+01
    0.3320960458325401E+02     0.9139074035006425E+01
    0.3332812419295983E+02     0.9202900121976690E+01
    0.3344635757150336E+02     0.9266869646252797E+01
    0.3356430469536642E+02     0.9330981781086948E+01
    0.3368196553702796E+02     0.9395235697058062E+01
    0.3379934006507614E+02     0.9459630562078239E+01
    0.3391642824432028E+02     0.9524165541400283E+01
    0.3403323003590276E+02     0.9588839797626289E+01
    0.3414974539741066E+02     0.9653652490717267E+01
    0.3426597428298726E+02     0.9718602778003792E+01
    0.3438191664344330E+02     0.9783689814197677E+01
    0.3449757242636799E+02     0.9848912751404640E+01
    0.3461294157623976E+02     0.9914270739137958E+01
    0.3472802403453669E+02     0.9979762924333096E+01
    0.3484281973984660E+02     0.1004538845136329E+02
    0.3495732862797676E+02     0.1011114646205607E+02
    0.3507155063206329E+02     0.1017703609571073E+02
    0.3518548568268007E+02     0.1024305648911666E+02
    0.3529913370794722E+02     0.1030920677657263E+02
    0.3541249463363914E+02     0.1037548608990692E+02
    0.3552556838329205E+02     0.1044189355849834E+02
    0.3563835487831103E+02     0.1050842830929804E+02
    0.3575085403807645E+02     0.1057508946685224E+02
    0.3586306578004996E+02     0.1064187615332570E+02
    0.3597499001987977E+02     0.1070878748852603E+02
    0.3608662667150539E+02     0.1077582258992876E+02
    0.3619797564726174E+02     0.1084298057270319E+02
    0.3630903685798258E+02     0.1091026054973899E+02
    0.3641981021310328E+02     0.1097766163167352E+02
    0.3653029562076287E+02     0.1104518292691988E+02
    0.3664049298790547E+02     0.1111282354169565E+02
    0.3675040222038083E+02     0.1118058258005233E+02
    0.3686002322304429E+02     0.1124845914390542E+02
    0.3696935589985580E+02     0.1131645233306517E+02
    0.3707840015397831E+02     0.1138456124526793E+02
    0.3718715588787526E+02     0.1145278497620820E+02
    0.3729562300340726E+02     0.1152112261957117E+02
    0.3740380140192794E+02     0.1158957326706591E+02
    0.3751169098437898E+02     0.1165813600845914E+02
    0.3761929165138423E+02     0.1172680993160949E+02
    0.3772660330334296E+02     0.1179559412250234E+02
    0.3783362584052220E+02     0.1186448766528517E+02
    0.3794035916314823E+02     0.1193348964230343E+02
    0.3804680317149709E+02     0.1200259913413682E+02
    0.3815295776598416E+02     0.1207181521963616E+02
    0.3825882284725284E+02     0.1214113697596061E+02
    0.3836439831626221E+02     0.1221056347861539E+02
    0.3846968407437381E+02     0.1228009380148991E+02
    0.3857468002343735E+02     0.1234972701689626E+02
    0.3867938606587551E+02     0.1241946219560821E+02
    0.3878380210476772E+02     0.1248929840690044E+02
    0.3888792804393291E+02     0.1255923471858825E+02
    0.3899176378801132E+02     0.1262927019706757E+02
    0.3909530924254522E+02     0.1269940390735531E+02
    0.3919856431405866E+02     0.1276963491313001E+02
    0.3930152891013617E+02     0.1283996227677284E+02
    0.3940420293950041E+02     0.1291038505940886E+02
    0.3950658631208881E+02     0.1298090232094854E+02
    0.3960867893912918E+02     0.1305151312012960E+02
    0.3971048073321419E+02     0.1312221651455904E+02
    0.3981199160837487E+02     0.1319301156075544E+02
    0.3991321148015308E+02     0.1326389731419148E+02
    0.4000000000000000E+02     0.1332492905922934E+02
