    0.0000000000000000E+00     0.0000000000000000E+00
    0.1948632020948373E+00     0.1385858267140668E-01
    0.3892450607465950E+00     0.2791151236263457E-01
    0.5831474702450112E+00     0.4215783454553792E-01
    0.7765723463525366E+00     0.5659660332773472E-01
    0.9695216251463270E+00     0.7122688146227849E-01
    0.1161997261875783E+01     0.8604774035182247E-01
    0.1354001229836931E+01     0.1010582600474853E+00
    0.1545535519264811E+01     0.1162575292426270E+00
    0.1736602136244920E+01     0.1316446452617452E+00
    0.1927203101644653E+01     0.1472187140446982E+00
    0.2117340450065536E+01     0.1629788501264646E+00
    0.2307016228817001E+01     0.1789241766126403E+00
    0.2496232496912287E+01     0.1950538251508780E+00
    0.2684991324087000E+01     0.2113669358984658E+00
    0.2873294789840755E+01     0.2278626574862404E+00
    0.3061144982502251E+01     0.2445401469790266E+00
    0.3248543998318020E+01     0.2613985698327875E+00
    0.3435493940565061E+01     0.2784370998486705E+00
    0.3621996918687466E+01     0.2956549191241221E+00
    0.3808055047457084E+01     0.3130512180012475E+00
    0.3993670446158223E+01     0.3306251950125778E+00
    0.4178845237796326E+01     0.3483760568244094E+00
    0.4363581548330498E+01     0.3663030181778684E+00
    0.4547881505929733E+01     0.3844053018278523E+00
    0.4731747240252623E+01     0.4026821384799933E+00
    0.4915180881750318E+01     0.4211327667257810E+00
    0.5098184560992446E+01     0.4397564329759803E+00
    0.5280760408015697E+01     0.4585523913924708E+00
    0.5462910551694711E+01     0.4775199038186307E+00
    0.5644637119134932E+01     0.4966582397083838E+00
    0.5825942235087018E+01     0.5159666760540195E+00
    0.6006828021382425E+01     0.5354444973128940E+00
    0.6187296596389723E+01     0.5550909953331146E+00
    0.6367350074491224E+01     0.5749054692783027E+00
    0.6546990565579468E+01     0.5948872255515285E+00
    0.6726220174573113E+01     0.6150355777185041E+00
    0.6905041000951769E+01     0.6353498464301182E+00
    0.7083455138309297E+01     0.6558293593443894E+00
    0.7261464673925111E+01     0.6764734510479143E+00
    0.7439071688352998E+01     0.6972814629768784E+00
    0.7616278255026990E+01     0.7182527433376952E+00
    0.7793086439883801E+01     0.7393866470273380E+00
    0.7969498301001360E+01     0.7606825355534209E+00
    0.8145515888252969E+01     0.7821397769540830E+00
    0.8321141242976619E+01     0.8037577457177296E+00
    0.8496376397658992E+01     0.8255358227026770E+00
    0.8671223375633698E+01     0.8474733950567452E+00
    0.8845684190793298E+01     0.8695698561368426E+00
    0.9019760847314657E+01     0.8918246054285792E+00
    0.9193455339397195E+01     0.9142370484659481E+00
    0.9366769651013605E+01     0.9368065967511051E+00
    0.9539705755672612E+01     0.9595326676742815E+00
    0.9712265616193362E+01     0.9824146844338566E+00
    0.9884451184491031E+01     0.1005452075956618E+01
    0.1005626440137326E+02     0.1028644276818235E+01
    0.1022770719634705E+02     0.1051990727163964E+01
    0.1039878148743564E+02     0.1075490872629612E+01
    0.1056948918100520E+02     0.1099144164262773E+01
    0.1073983217160075E+02     0.1122950058444361E+01
    0.1090981234179109E+02     0.1146908016810442E+01
    0.1107943156202239E+02     0.1171017506174393E+01
    0.1124869169048007E+02     0.1195277998449399E+01
    0.1141759457295867E+02     0.1219688970571288E+01
    0.1158614204273941E+02     0.1244249904421727E+01
    0.1175433592047511E+02     0.1268960286751783E+01
    0.1192217801408216E+02     0.1293819609105854E+01
    0.1208967011863937E+02     0.1318827367745983E+01
    0.1225681401629327E+02     0.1343983063576556E+01
    0.1242361147616965E+02     0.1369286202069392E+01
    0.1259006425429119E+02     0.1394736293189224E+01
    0.1275617409350071E+02     0.1420332851319584E+01
    0.1292194272339006E+02     0.1446075395189081E+01
    0.1308737186023419E+02     0.1471963447798090E+01
    0.1325246320693030E+02     0.1497996536345839E+01
    0.1341721845294187E+02     0.1524174192157903E+01
    0.1358163927424721E+02     0.1550495950614099E+01
    0.1374572733329260E+02     0.1576961351076797E+01
    0.1390948427894948E+02     0.1603569936819616E+01
    0.1407291174647586E+02     0.1630321254956544E+01
    0.1423601135748148E+02     0.1657214856371441E+01
    0.1439878471989671E+02     0.1684250295647955E+01
    0.1456123342794501E+02     0.1711427130999826E+01
    0.1472335906211872E+02     0.1738744924201593E+01
    0.1488516318915812E+02     0.1766203240519687E+01
    0.1504664736203350E+02     0.1793801648643916E+01
    0.1520781311993026E+02     0.1821539720619342E+01
    0.1536866198823670E+02     0.1849417031778532E+01
    0.1552919547853461E+02     0.1877433160674198E+01
    0.1568941508859232E+02     0.1905587689012212E+01
    0.1584932230236020E+02     0.1933880201584993E+01
    0.1600891858996851E+02     0.1962310286205266E+01
    0.1616820540772747E+02     0.1990877533640190E+01
    0.1632718419812937E+02     0.2019581537545848E+01
    0.1648585638985279E+02     0.2048421894402099E+01
    0.1664422339776869E+02     0.2077398203447784E+01
    0.1680228662294834E+02     0.2106510066616291E+01
    0.1696004745267296E+02     0.2135757088471465E+01
    0.1711750726044514E+02     0.2165138876143868E+01
    0.1727466740600171E+02     0.2194655039267389E+01
    0.1743152923532825E+02     0.2224305189916182E+01
    0.1758809408067495E+02     0.2254088942541958E+01
    0.1774436326057394E+02     0.2284005913911601E+01
    0.1790033807985790E+02     0.2314055723045124E+01
    0.1805601982967996E+02     0.2344237991153955E+01
    0.1821140978753478E+02     0.2374552341579551E+01
    0.1836650921728079E+02     0.2404998399732335E+01
    0.1852131936916362E+02     0.2435575793030967E+01
    0.1867584147984052E+02     0.2466284150841930E+01
    0.1883007677240578E+02     0.2497123104419443E+01
    0.1898402645641725E+02     0.2528092286845689E+01
    0.1913769172792369E+02     0.2559191332971372E+01
    0.1929107376949311E+02     0.2590419879356582E+01
    0.1944417375024194E+02     0.2621777564211982E+01
    0.1959699282586513E+02     0.2653264027340322E+01
    0.1974953213866694E+02     0.2684878910078255E+01
    0.1990179281759270E+02     0.2716621855238484E+01
    0.2005377597826122E+02     0.2748492507052221E+01
    0.2020548272299799E+02     0.2780490511111965E+01
    0.2035691414086916E+02     0.2812615514314605E+01
    0.2050807130771620E+02     0.2844867164804840E+01
    0.2065895528619125E+02     0.2877245111918922E+01
    0.2080956712579323E+02     0.2909749006128725E+01
    0.2095990786290456E+02     0.2942378498986140E+01
    0.2110997852082864E+02     0.2975133243067798E+01
    0.2125978010982786E+02     0.3008012891920123E+01
    0.2140931362716240E+02     0.3041017100004725E+01
    0.2155858005712964E+02     0.3074145522644120E+01
    0.2170758037110414E+02     0.3107397815967799E+01
    0.2185631552757843E+02     0.3140773636858639E+01
    0.2200478647220424E+02     0.3174272642899658E+01
    0.2215299413783455E+02     0.3207894492321124E+01
    0.2230093944456619E+02     0.3241638843948023E+01
    0.2244862329978308E+02     0.3275505357147882E+01
    0.2259604659820020E+02     0.3309493691778966E+01
    0.2274321022190809E+02     0.3343603508138834E+01
    0.2289011504041811E+02     0.3377834466913282E+01
    0.2303676191070831E+02     0.3412186229125661E+01
    0.2318315167726997E+02     0.3446658456086585E+01
    0.2332928517215482E+02     0.3481250809344032E+01
    0.2347516321502297E+02     0.3515962950633843E+01
    0.2362078661319144E+02     0.3550794541830630E+01
    0.2376615616168349E+02     0.3585745244899093E+01
    0.2391127264327857E+02     0.3620814721845759E+01
    0.2405613682856306E+02     0.3656002634671146E+01
    0.2420074947598165E+02     0.3691308645322361E+01
    0.2434511133188954E+02     0.3726732415646141E+01
    0.2448922313060530E+02     0.3762273607342338E+01
    0.2463308559446452E+02     0.3797931881917862E+01
    0.2477669943387424E+02     0.3833706900641091E+01
    0.2492006534736813E+02     0.3869598324496745E+01
    0.2506318402166245E+02     0.3905605814141251E+01
    0.2520605613171279E+02     0.3941729029858583E+01
    0.2534868234077167E+02     0.3977967631516608E+01
    0.2549106330044689E+02     0.4014321278523931E+01
    0.2563319965076072E+02     0.4050789629787253E+01
    0.2577509202020995E+02     0.4087372343669256E+01
    0.2591674102582677E+02     0.4124069077947005E+01
    0.2605814727324043E+02     0.4160879489770900E+01
    0.2619931135673993E+02     0.4197803235624170E+01
    0.2634023385933736E+02     0.4234839971282920E+01
    0.2648091535283232E+02     0.4271989351776742E+01
    0.2662135639787707E+02     0.4309251031349900E+01
    0.2676155754404267E+02     0.4346624663423095E+01
    0.2690151932988599E+02     0.4384109900555814E+01
    0.2704124228301756E+02     0.4421706394409282E+01
    0.2718072692017047E+02     0.4459413795710011E+01
    0.2731997374727003E+02     0.4497231754213977E+01
    0.2745898325950448E+02     0.4535159918671396E+01
    0.2759775594139652E+02     0.4573197936792151E+01
    0.2773629226687583E+02     0.4611345455211840E+01
    0.2787459269935251E+02     0.4649602119458476E+01
    0.2801265769179140E+02     0.4687967573919839E+01
    0.2815048768678743E+02     0.4726441461811484E+01
    0.2828808311664178E+02     0.4765023425145413E+01
    0.2842544440343907E+02     0.4803713104699430E+01
    0.2856257195912540E+02     0.4842510139987161E+01
    0.2869946618558740E+02     0.4881414169228776E+01
    0.2883612747473214E+02     0.4920424829322392E+01
    0.2897255620856794E+02     0.4959541755816177E+01
    0.2910875275928618E+02     0.4998764582881163E+01
    0.2924471748934393E+02     0.5038092943284761E+01
    0.2938045075154756E+02     0.5077526468364998E+01
    0.2951595288913716E+02     0.5117064788005468E+01
    0.2965122423587190E+02     0.5156707530611012E+01
    0.2978626511611629E+02     0.5196454323084123E+01
    0.2992107584492722E+02     0.5236304790802087E+01
    0.3005565672814194E+02     0.5276258557594860E+01
    0.3019000806246687E+02     0.5316315245723676E+01
    0.3032413013556716E+02     0.5356474475860417E+01
    0.3045802322615723E+02     0.5396735867067710E+01
    0.3059168760409191E+02     0.5437099036779778E+01
    0.3072512353045857E+02     0.5477563600784049E+01
    0.3085833125766987E+02     0.5518129173203504E+01
    0.3099131102955738E+02     0.5558795366479787E+01
    0.3112406308146581E+02     0.5599561791357066E+01
    0.3125658764034815E+02     0.5640428056866648E+01
    0.3138888492486129E+02     0.5681393770312354E+01
    0.3152095514546254E+02     0.5722458537256641E+01
    0.3165279850450665E+02     0.5763621961507486E+01
    0.3178441519634354E+02     0.5804883645106019E+01
    0.3191580540741668E+02     0.5846243188314912E+01
    0.3204696931636203E+02     0.5887700189607522E+01
    0.3217790709410755E+02     0.5929254245657772E+01
    0.3230861890397330E+02     0.5970904951330792E+01
    0.3243910490177206E+02     0.6012651899674299E+01
    0.3256936523591044E+02     0.6054494681910723E+01
    0.3269940004749049E+02     0.6096432887430064E+01
    0.3282920947041178E+02     0.6138466103783490E+01
    0.3295879363147390E+02     0.6180593916677670E+01
    0.3308815265047932E+02     0.6222815909969826E+01
    0.3321728664033678E+02     0.6265131665663516E+01
    0.3334619570716484E+02     0.6307540763905124E+01
    0.3347487995039591E+02     0.6350042782981078E+01
    0.3360333946288053E+02     0.6392637299315767E+01
    0.3373157433099190E+02     0.6435323887470153E+01
    0.3385958463473074E+02     0.6478102120141098E+01
    0.3398737044783025E+02     0.6520971568161362E+01
    0.3411493183786141E+02     0.6563931800500296E+01
    0.3424226886633831E+02     0.6606982384265206E+01
    0.3436938158882374E+02     0.6650122884703391E+01
    0.3449627005503480E+02     0.6693352865204839E+01
    0.3462293430894866E+02     0.6736671887305581E+01
    0.3474937438890835E+02     0.6780079510691691E+01
    0.3487559032772857E+02     0.6823575293203929E+01
    0.3500158215280153E+02     0.6867158790843007E+01
    0.3512734988620279E+02     0.6910829557775491E+01
    0.3525289354479695E+02     0.6954587146340306E+01
    0.3537821314034340E+02     0.6998431107055853E+01
    0.3550330867960187E+02     0.7042360988627723E+01
    0.3562818016443790E+02     0.7086376337957000E+01
    0.3575282759192810E+02     0.7130476700149138E+01
    0.3587725095446532E+02     0.7174661618523422E+01
    0.3600145023986352E+02     0.7218930634622970E+01
    0.3612542543146247E+02     0.7263283288225302E+01
    0.3624917650823220E+02     0.7307719117353450E+01
    0.3637270344487707E+02     0.7352237658287594E+01
    0.3649600621193971E+02     0.7396838445577220E+01
    0.3661908477590445E+02     0.7441521012053801E+01
    0.3674193909930055E+02     0.7486284888843970E+01
    0.3686456914080491E+02     0.7531129605383194E+01
    0.3698697485534456E+02     0.7576054689429926E+01
    0.3710915619419853E+02     0.7621059667080233E+01
    0.3723111310509945E+02     0.7666144062782887E+01
    0.3735284553233463E+02     0.7711307399354911E+01
    0.3747435341684658E+02     0.7756549197997558E+01
    0.3759563669633315E+02     0.7801868978312743E+01
    0.3771669530534710E+02     0.7847266258319872E+01
    0.3783752917539508E+02     0.7892740554473111E+01
    0.3795813823503613E+02     0.7938291381679032E+01
    0.3807852240997954E+02     0.7983918253314672E+01
    0.3819868162318217E+02     0.8029620681245964E+01
    0.3831861579494507E+02     0.8075398175846543E+01
    0.3843832484300960E+02     0.8121250246016912E+01
    0.3855780868265273E+02     0.8167176399203969E+01
    0.3867706722678189E+02     0.8213176141420865E+01
    0.3879610038602892E+02     0.8259248977267205E+01
    0.3891490806884352E+02     0.8305394409949569E+01
    0.3903349018158585E+02     0.8351611941302338E+01
    0.3915184662861851E+02     0.8397901071808841E+01
    0.3926997731239774E+02     0.8444261300622781E+01
    0.3938788213356386E+02     0.8490692125589952E+01
    0.3950556099103098E+02     0.8537193043270229E+01
    0.3962301378207597E+02     0.8583763548959828E+01
    0.3974024040242656E+02     0.8630403136713818E+01
    0.3985724074634876E+02     0.8677111299368882E+01
    0.3997401470673336E+02     0.8723887528566314E+01
    0.4000000000000000E+02     0.8734331766768696E+01
