    0.0000000000000000E+00     0.0000000000000000E+00
    0.1948632020948373E+00     0.1385858267140668E-01
    0.3892558704409630E+00     0.2775989873029106E-01
    0.5831800843470615E+00     0.4170373304573758E-01
    0.7766379432360657E+00     0.5568987437893749E-01
    0.9696315655065810E+00     0.6971811533202402E-01
    0.1162163087409771E+01     0.8378825229581253E-01
    0.1354234661942985E+01     0.9790008539657567E-01
    0.1545848457761278E+01     0.1120534184419777E+00
    0.1737006658107865E+01     0.1262480588662870E+00
    0.1927711459764421E+01     0.1404838176749789E+00
    0.2117965072022043E+01     0.1547605093888371E+00
    0.2307769715673575E+01     0.1690779519876535E+00
    0.2497127622027900E+01     0.1834359668536242E+00
    0.2686041031946710E+01     0.1978343787145298E+00
    0.2874512194904172E+01     0.2122730155867860E+00
    0.3062543368069827E+01     0.2267517087184441E+00
    0.3250136815414970E+01     0.2412702925322138E+00
    0.3437294806842703E+01     0.2558286045685799E+00
    0.3624019617341765E+01     0.2704264854290742E+00
    0.3810313526164188E+01     0.2850637787197647E+00
    0.3996178816026761E+01     0.2997403309950151E+00
    0.4181617772336249E+01     0.3144559917015651E+00
    0.4366632682438231E+01     0.3292106131229787E+00
    0.4551225834889397E+01     0.3440040503245018E+00
    0.4735399518753106E+01     0.3588361610983675E+00
    0.4919156022917946E+01     0.3737068059095836E+00
    0.5102497635439018E+01     0.3886158478422339E+00
    0.5285426642901647E+01     0.4035631525463201E+00
    0.5467945329807146E+01     0.4185485881851708E+00
    0.5650055977980317E+01     0.4335720253834364E+00
    0.5831760865998254E+01     0.4486333371756920E+00
    0.6013062268640075E+01     0.4637323989556622E+00
    0.6193962456357157E+01     0.4788690884260829E+00
    0.6374463694763424E+01     0.4940432855492114E+00
    0.6554568244145262E+01     0.5092548724979936E+00
    0.6734278358990590E+01     0.5245037336078966E+00
    0.6913596287536636E+01     0.5397897553294115E+00
    0.7092524271335940E+01     0.5551128261812307E+00
    0.7271064544840114E+01     0.5704728367041010E+00
    0.7449219335000899E+01     0.5858696794153547E+00
    0.7626990860888015E+01     0.6013032487641166E+00
    0.7804381333323360E+01     0.6167734410871850E+00
    0.7981392954531065E+01     0.6322801545655857E+00
    0.8158027917802944E+01     0.6478232891817917E+00
    0.8334288407178867E+01     0.6634027466776053E+00
    0.8510176597141603E+01     0.6790184305126981E+00
    0.8685694652325660E+01     0.6946702458237977E+00
    0.8860844727239696E+01     0.7103580993845191E+00
    0.9035628966002033E+01     0.7260818995658285E+00
    0.9210049502088850E+01     0.7418415562971327E+00
    0.9384108458094625E+01     0.7576369810279847E+00
    0.9557807945504400E+01     0.7734680866903964E+00
    0.9731150064477472E+01     0.7893347876617463E+00
    0.9904136903642074E+01     0.8052369997282754E+00
    0.1007677053990069E+02     0.8211746400491575E+00
    0.1024905303824560E+02     0.8371476271211344E+00
    0.1042098645158426E+02     0.8531558807437055E+00
    0.1059257282057419E+02     0.8691993219848597E+00
    0.1076381417346695E+02     0.8852778731473384E+00
    0.1093471252596099E+02     0.9013914577354192E+00
    0.1110526988106282E+02     0.9175400004222073E+00
    0.1127548822895638E+02     0.9337234270174249E+00
    0.1144536954688018E+02     0.9499416644356857E+00
    0.1161491579901189E+02     0.9661946406652437E+00
    0.1178412893636018E+02     0.9824822847372053E+00
    0.1195301089666341E+02     0.9988045266951925E+00
    0.1212156360429490E+02     0.1015161297565447E+01
    0.1228978897017459E+02     0.1031552529327363E+01
    0.1245768889168675E+02     0.1047978154884440E+01
    0.1262526525260350E+02     0.1064438108035638E+01
    0.1279251992301390E+02     0.1080932323447140E+01
    0.1295945475925838E+02     0.1097460736624487E+01
    0.1312607160386824E+02     0.1114023283885099E+01
    0.1329237228551006E+02     0.1130619902331161E+01
    0.1345835861893478E+02     0.1147250529822855E+01
    0.1362403240493118E+02     0.1163915104951955E+01
    0.1378939543028366E+02     0.1180613567015737E+01
    0.1395444946773409E+02     0.1197345855991238E+01
    0.1411919627594754E+02     0.1214111912509813E+01
    0.1428363759948165E+02     0.1230911677832015E+01
    0.1444777516875965E+02     0.1247745093822764E+01
    0.1461161070004663E+02     0.1264612102926819E+01
    0.1477514589542914E+02     0.1281512648144519E+01
    0.1493838244279770E+02     0.1298446673007813E+01
    0.1510132201583239E+02     0.1315414121556544E+01
    0.1526396627399111E+02     0.1332414938315005E+01
    0.1542631686250053E+02     0.1349449068268734E+01
    0.1558837541234954E+02     0.1366516456841564E+01
    0.1575014354028507E+02     0.1383617049872907E+01
    0.1591162284881029E+02     0.1400750793595267E+01
    0.1607281492618484E+02     0.1417917634611983E+01
    0.1623372134642723E+02     0.1435117519875182E+01
    0.1639434366931912E+02     0.1452350396663952E+01
    0.1655468344041156E+02     0.1469616212562720E+01
    0.1671474219103289E+02     0.1486914915439824E+01
    0.1687452143829842E+02     0.1504246453426294E+01
    0.1703402268512163E+02     0.1521610774894807E+01
    0.1719324742022699E+02     0.1539007828438840E+01
    0.1735219711816407E+02     0.1556437562852000E+01
    0.1751087323932322E+02     0.1573899927107527E+01
    0.1766927722995239E+02     0.1591394870337976E+01
    0.1782741052217531E+02     0.1608922341815058E+01
    0.1798527453401073E+02     0.1626482290929657E+01
    0.1814287066939294E+02     0.1644074667171992E+01
    0.1830020031819324E+02     0.1661699420111955E+01
    0.1845726485624245E+02     0.1679356499379587E+01
    0.1861406564535445E+02     0.1697045854645715E+01
    0.1877060403335062E+02     0.1714767435602732E+01
    0.1892688135408512E+02     0.1732521191945530E+01
    0.1908289892747112E+02     0.1750307073352564E+01
    0.1923865805950772E+02     0.1768125029467074E+01
    0.1939416004230779E+02     0.1785975009878432E+01
    0.1954940615412643E+02     0.1803856964103636E+01
    0.1970439765939021E+02     0.1821770841568936E+01
    0.1985913580872715E+02     0.1839716591591596E+01
    0.2001362183899725E+02     0.1857694163361792E+01
    0.2016785697332381E+02     0.1875703505924639E+01
    0.2032184242112525E+02     0.1893744568162350E+01
    0.2047557937814766E+02     0.1911817298776535E+01
    0.2062906902649782E+02     0.1929921646270617E+01
    0.2078231253467694E+02     0.1948057558932393E+01
    0.2093531105761486E+02     0.1966224984816714E+01
    0.2108806573670484E+02     0.1984423871728305E+01
    0.2124057769983894E+02     0.2002654167204708E+01
    0.2139284806144392E+02     0.2020915818499367E+01
    0.2154487792251764E+02     0.2039208772564833E+01
    0.2169666837066604E+02     0.2057532976036111E+01
    0.2184822048014067E+02     0.2075888375214138E+01
    0.2199953531187668E+02     0.2094274916049395E+01
    0.2215061391353140E+02     0.2112692544125656E+01
    0.2230145731952343E+02     0.2131141204643876E+01
    0.2245206655107224E+02     0.2149620842406215E+01
    0.2260244261623838E+02     0.2168131401800206E+01
    0.2275258650996412E+02     0.2186672826783061E+01
    0.2290249921411473E+02     0.2205245060866127E+01
    0.2305218169752027E+02     0.2223848047099484E+01
    0.2320163491601793E+02     0.2242481728056692E+01
    0.2335085981249494E+02     0.2261146045819691E+01
    0.2349985731693211E+02     0.2279840941963853E+01
    0.2364862834644784E+02     0.2298566357543189E+01
    0.2379717380534282E+02     0.2317322233075713E+01
    0.2394549458514528E+02     0.2336108508528969E+01
    0.2409359156465689E+02     0.2354925123305724E+01
    0.2424146560999924E+02     0.2373772016229816E+01
    0.2438911757466098E+02     0.2392649125532191E+01
    0.2453654829954558E+02     0.2411556388837090E+01
    0.2468375861301983E+02     0.2430493743148429E+01
    0.2483074933096287E+02     0.2449461124836348E+01
    0.2497752125681603E+02     0.2468458469623943E+01
    0.2512407518163330E+02     0.2487485712574188E+01
    0.2527041188413251E+02     0.2506542788077037E+01
    0.2541653213074725E+02     0.2525629629836725E+01
    0.2556243667567952E+02     0.2544746170859258E+01
    0.2570812626095308E+02     0.2563892343440105E+01
    0.2585360161646762E+02     0.2583068079152089E+01
    0.2599886346005368E+02     0.2602273308833487E+01
    0.2614391249752830E+02     0.2621507962576330E+01
    0.2628874942275153E+02     0.2640771969714925E+01
    0.2643337491768370E+02     0.2660065258814586E+01
    0.2657778965244353E+02     0.2679387757660584E+01
    0.2672199428536702E+02     0.2698739393247321E+01
    0.2686598946306726E+02     0.2718120091767724E+01
    0.2700977582049499E+02     0.2737529778602879E+01
    0.2715335398100006E+02     0.2756968378311882E+01
    0.2729672455639376E+02     0.2776435814621936E+01
    0.2743988814701202E+02     0.2795932010418684E+01
    0.2758284534177944E+02     0.2815456887736778E+01
    0.2772559671827429E+02     0.2835010367750700E+01
    0.2786814284279431E+02     0.2854592370765828E+01
    0.2801048427042350E+02     0.2874202816209746E+01
    0.2815262154509972E+02     0.2893841622623819E+01
    0.2829455519968329E+02     0.2913508707655014E+01
    0.2843628575602640E+02     0.2933203988047985E+01
    0.2857781372504355E+02     0.2952927379637418E+01
    0.2871913960678280E+02     0.2972678797340636E+01
    0.2886026389049798E+02     0.2992458155150481E+01
    0.2900118705472184E+02     0.3012265366128447E+01
    0.2914190956734009E+02     0.3032100342398103E+01
    0.2928243188566634E+02     0.3051962995138775E+01
    0.2942275445651802E+02     0.3071853234579504E+01
    0.2956287771629311E+02     0.3091770969993290E+01
    0.2970280209104786E+02     0.3111716109691600E+01
    0.2984252799657537E+02     0.3131688561019166E+01
    0.2998205583848513E+02     0.3151688230349060E+01
    0.3012138601228332E+02     0.3171715023078051E+01
    0.3026051890345414E+02     0.3191768843622247E+01
    0.3039945488754193E+02     0.3211849595413018E+01
    0.3053819433023417E+02     0.3231957180893204E+01
    0.3067673758744534E+02     0.3252091501513617E+01
    0.3081508500540165E+02     0.3272252457729818E+01
    0.3095323692072655E+02     0.3292439948999187E+01
    0.3109119366052712E+02     0.3312653873778275E+01
    0.3122895554248124E+02     0.3332894129520451E+01
    0.3136652287492555E+02     0.3353160612673829E+01
    0.3150389595694418E+02     0.3373453218679482E+01
    0.3164107507845830E+02     0.3393771841969946E+01
    0.3177806052031636E+02     0.3414116375968004E+01
    0.3191485255438507E+02     0.3434486713085762E+01
    0.3205145144364116E+02     0.3454882744724002E+01
    0.3218785744226368E+02     0.3475304361271824E+01
    0.3232407079572719E+02     0.3495751452106565E+01
    0.3246009174089542E+02     0.3516223905594003E+01
    0.3259592050611569E+02     0.3536721609088837E+01
    0.3273155731131384E+02     0.3557244448935445E+01
    0.3286700236808988E+02     0.3577792310468919E+01
    0.3300225587981408E+02     0.3598365078016378E+01
    0.3313731804172373E+02     0.3618962634898541E+01
    0.3327218904102035E+02     0.3639584863431586E+01
    0.3340686905696740E+02     0.3660231644929262E+01
    0.3354135826098855E+02     0.3680902859705277E+01
    0.3367565681676632E+02     0.3701598387075942E+01
    0.3380976488034119E+02     0.3722318105363080E+01
    0.3394368260021113E+02     0.3743061891897189E+01
    0.3407741011743146E+02     0.3763829623020861E+01
    0.3421094756571516E+02     0.3784621174092450E+01
    0.3434429507153340E+02     0.3805436419489997E+01
    0.3447745275421645E+02     0.3826275232615388E+01
    0.3461042072605488E+02     0.3847137485898765E+01
    0.3474319909240094E+02     0.3868023050803167E+01
    0.3487578795177023E+02     0.3888931797829416E+01
    0.3500818739594358E+02     0.3909863596521223E+01
    0.3514039751006904E+02     0.3930818315470534E+01
    0.3527241837276410E+02     0.3951795822323091E+01
    0.3540425005621797E+02     0.3972795983784222E+01
    0.3553589262629398E+02     0.3993818665624839E+01
    0.3566734614263208E+02     0.4014863732687656E+01
    0.3579861065875134E+02     0.4035931048893617E+01
    0.3592968622215249E+02     0.4057020477248519E+01
    0.3606057287442044E+02     0.4078131879849848E+01
    0.3619127065132683E+02     0.4099265117893808E+01
    0.3632177958293241E+02     0.4120420051682539E+01
    0.3645209969368943E+02     0.4141596540631529E+01
    0.3658223100254391E+02     0.4162794443277206E+01
    0.3671217352303776E+02     0.4184013617284715E+01
    0.3684192726341072E+02     0.4205253919455869E+01
    0.3697149222670215E+02     0.4226515205737269E+01
    0.3710086841085268E+02     0.4247797331228598E+01
    0.3723005580880547E+02     0.4269100150191070E+01
    0.3735905440860738E+02     0.4290423516056047E+01
    0.3748786419350981E+02     0.4311767281433806E+01
    0.3761648514206919E+02     0.4333131298122452E+01
    0.3774491722824723E+02     0.4354515417116987E+01
    0.3787316042151083E+02     0.4375919488618516E+01
    0.3800121468693156E+02     0.4397343362043585E+01
    0.3812907998528483E+02     0.4418786886033662E+01
    0.3825675627314862E+02     0.4440249908464745E+01
    0.3838424350300183E+02     0.4461732276457085E+01
    0.3851154162332214E+02     0.4483233836385046E+01
    0.3863865057868342E+02     0.4504754433887064E+01
    0.3876557030985275E+02     0.4526293913875736E+01
    0.3889230075388677E+02     0.4547852120547999E+01
    0.3901884184422772E+02     0.4569428897395430E+01
    0.3914519351079880E+02     0.4591024087214634E+01
    0.3927135568009904E+02     0.4612637532117732E+01
    0.3939732827529764E+02     0.4634269073542941E+01
    0.3952311121632765E+02     0.4655918552265248E+01
    0.3964870441997914E+02     0.4677585808407150E+01
    0.3977410779999173E+02     0.4699270681449499E+01
    0.3989932126714648E+02     0.4720973010242402E+01
    0.4000000000000000E+02     0.4738463360135594E+01
