    0.000000     0.1745329251994330E+00
    0.040000     0.1717962489323058E+00
    0.080000     0.1663658074819202E+00
    0.120000     0.1583267501702180E+00
    0.160000     0.1478051294158468E+00
    0.200000     0.1349659242322352E+00
    0.240000     0.1200104533566620E+00
    0.280000     0.1031732185724565E+00
    0.320000     0.8471822772103476E-01
    0.360000     0.6493485505894724E-01
    0.400000     0.4413330386953543E-01
    0.440000     0.2263974247544930E-01
    0.480000     0.7911899193481287E-03
    0.520000    -0.2106976849468842E-01
    0.560000    -0.4260035293872826E-01
    0.600000    -0.6346296384868884E-01
    0.640000    -0.8333047548550198E-01
    0.680000    -0.1018913652667024E+00
    0.720000    -0.1188545984405210E+00
    0.760000    -0.1339541915107922E+00
    0.800000    -0.1469533828581742E+00
    0.840000    -0.1576483451623400E+00
    0.880000    -0.1658713814143603E+00
    0.920000    -0.1714935544058035E+00
    0.960000    -0.1744267084641636E+00
    1.000000    -0.1746248517338057E+00
    1.040000    -0.1720848773282617E+00
    1.080000    -0.1668466120462105E+00
    1.120000    -0.1589921918872748E+00
    1.160000    -0.1486447741595466E+00
    1.200000    -0.1359666063729967E+00
    1.240000    -0.1211564821985182E+00
    1.280000    -0.1044466243831670E+00
    1.320000    -0.8609904349748766E-01
    1.360000    -0.6640142960976775E-01
    1.400000    -0.4566264130576668E-01
    1.440000    -0.2420786278609119E-01
    1.480000    -0.2373504977929792E-02
    1.520000     0.1949806938828555E-01
    1.560000     0.4106391402649257E-01
    1.600000     0.6198587649276419E-01
    1.640000     0.8193590041562927E-01
    1.680000     0.1006011694199773E+00
    1.720000     0.1176890120878200E+00
    1.760000     0.1329314910461258E+00
    1.800000     0.1460896042248283E+00
    1.840000     0.1569570324092855E+00
    1.880000     0.1653633743255651E+00
    1.920000     0.1711768185324198E+00
    1.960000     0.1743062102246862E+00
    2.000000     0.1747024805406295E+00
    2.040000     0.1723594159616957E+00
    2.080000     0.1673137557404826E+00
    2.120000     0.1596446158292587E+00
    2.160000     0.1494722483418320E+00
    2.200000     0.1369561560004054E+00
    2.240000     0.1222925911328924E+00
    2.280000     0.1057114784364157E+00
    2.320000     0.8747280975805593E-01
    2.360000     0.6786256742268989E-01
    2.400000     0.4718824003013607E-01
    2.440000     0.2577400103390972E-01
    2.480000     0.3955625701471663E-02
    2.520000    -0.1792477384196547E-01
    2.560000    -0.3952411293156058E-01
    2.600000    -0.6050371393038883E-01
    2.640000    -0.8053461669478857E-01
    2.680000    -0.9930273666941404E-01
    2.720000    -0.1165137897330631E+00
    2.760000    -0.1318979065736977E+00
    2.800000    -0.1452138642392567E+00
    2.840000    -0.1562528685135442E+00
    2.880000    -0.1648418278095394E+00
    2.920000    -0.1708460672454809E+00
    2.960000    -0.1741714403470133E+00
    3.000000    -0.1747658052639045E+00
    3.040000    -0.1726198423542578E+00
    3.080000    -0.1677672003164962E+00
    3.120000    -0.1602839685777720E+00
    3.160000    -0.1502874842117483E+00
    3.200000    -0.1379344920932844E+00
    3.240000    -0.1234186871387978E+00
    3.280000    -0.1069676771699749E+00
    3.320000    -0.8883941402312676E-01
    3.360000    -0.6931814886439598E-01
    3.400000    -0.4870997513147148E-01
    3.440000    -0.2733802898848551E-01
    3.480000    -0.5537422550960078E-02
    3.520000     0.1635001067216440E-01
    3.560000     0.3798107572794935E-01
    3.600000     0.5901659751632005E-01
    3.640000     0.7912673905563485E-01
    3.680000     0.9799617332655729E-01
    3.720000     0.1153290275997193E+00
    3.760000     0.1308535227201177E+00
    3.800000     0.1443262346042647E+00
    3.840000     0.1555359111298168E+00
    3.880000     0.1643067845688534E+00
    3.920000     0.1705013276258504E+00
    3.960000     0.1740224098656740E+00
    4.000000     0.1748148207188039E+00
    4.040000     0.1728661351830629E+00
    4.080000     0.1682069086476515E+00
    4.120000     0.1609101977846449E+00
    4.160000     0.1510904150203751E+00
    4.200000     0.1389015345485858E+00
    4.240000     0.1245346780150746E+00
    4.280000     0.1082151177302871E+00
    4.320000     0.9019874439948875E-01
    4.360000     0.7076805475650637E-01
    4.400000     0.5022772201494197E-01
    4.440000     0.2889981859218328E-01
    4.480000     0.7118766013899151E-02
    4.520000    -0.1477390881548291E-01
    4.560000    -0.3643492875463820E-01
    4.600000    -0.5752464901092077E-01
    4.640000    -0.7771238277071210E-01
    4.680000    -0.9668158636865866E-01
    4.720000    -0.1141348226923446E+00
    4.760000    -0.1297984249962147E+00
    4.800000    -0.1434267879961441E+00
    4.840000    -0.1548062189602939E+00
    4.880000    -0.1637582884111463E+00
    4.920000    -0.1701426278997120E+00
    4.960000    -0.1738591309828102E+00
    5.000000    -0.1748495228920979E+00
    5.040000    -0.1730982742824375E+00
    5.080000    -0.1686328447320285E+00
    5.120000    -0.1615232521762213E+00
    5.160000    -0.1518809750262909E+00
    5.200000    -0.1398572041879483E+00
    5.240000    -0.1256404723879387E+00
    5.280000    -0.1094536979808862E+00
    5.320000    -0.9155068958949340E-01
    5.360000    -0.7221216638533733E-01
    5.400000    -0.5174135641225918E-01
    5.440000    -0.3045924197063681E-01
    5.480000    -0.8699526614914847E-02
    5.520000     0.1319659731812898E-01
    5.560000     0.3488579860522454E-01
    5.600000     0.5602799057019018E-01
    5.640000     0.7629166364301524E-01
    5.680000     0.9535908342991782E-01
    5.720000     0.1129312727886393E+00
    5.760000     0.1287326997900349E+00
    5.800000     0.1425155980587228E+00
    5.840000     0.1540638517498498E+00
    5.880000     0.1631963842455393E+00
    5.920000     0.1697699974362587E+00
    5.960000     0.1736816170671775E+00
    6.000000     0.1748699089424830E+00
    6.040000     0.1733162406455704E+00
    6.080000     0.1690449736953352E+00
    6.120000     0.1621230815575572E+00
    6.160000     0.1526590995009567E+00
    6.200000     0.1408014227641811E+00
    6.240000     0.1267359797184632E+00
    6.280000     0.1106833165107599E+00
    6.320000     0.9289513890016775E-01
    6.360000     0.7365036551162102E-01
    6.400000     0.5325075439185207E-01
    6.440000     0.3201617144321887E-01
    6.480000     0.1027957492635601E-01
    6.520000    -0.1161820532535212E-01
    6.560000    -0.3333381211755873E-01
    6.600000    -0.5452674473576201E-01
    6.640000    -0.7486469799650855E-01
    6.680000    -0.9402877279266983E-01
    6.720000    -0.1117184764314421E+00
    6.760000    -0.1276564343597693E+00
    6.800000    -0.1415927393973353E+00
    6.840000    -0.1533088702811511E+00
    6.880000    -0.1626211180789585E+00
    6.920000    -0.1693834667452877E+00
    6.960000    -0.1734898826530509E+00
    7.000000    -0.1748759772008143E+00
    7.040000    -0.1735200164260688E+00
    7.080000    -0.1694432617937627E+00
    7.120000    -0.1627096368165303E+00
    7.160000    -0.1534247247340147E+00
    7.200000    -0.1417341129676698E+00
    7.240000    -0.1278211103099918E+00
    7.280000    -0.1119038726426531E+00
    7.320000    -0.9423198225227765E-01
    7.360000    -0.7508253438018647E-01
    7.400000    -0.5475579236901397E-01
    7.440000    -0.3357047953349533E-01
    7.480000    -0.1185878157889148E-01
    7.520000     0.1003886207086938E-01
    7.560000     0.3177909636335901E-01
    7.600000     0.5302103442487118E-01
    7.640000     0.7343160266660136E-01
    7.680000     0.9269076337851923E-01
    7.720000     0.1104965329206619E+00
    7.760000     0.1265697168266086E+00
    7.800000     0.1406582875727141E+00
    7.840000     0.1525413363696795E+00
    7.880000     0.1620325370123682E+00
    7.920000     0.1689830674747030E+00
    7.960000     0.1732839434390345E+00
    8.000000     0.1748677271702419E+00
    8.040000     0.1737095849394200E+00
    8.080000     0.1698276764167479E+00
    8.120000     0.1632828699278612E+00
    8.160000     0.1541777880385057E+00
    8.200000     0.1426551984327063E+00
    8.240000     0.1288957753154822E+00
    8.280000     0.1131152664413113E+00
    8.320000     0.9556111018934059E-01
    8.360000     0.7650855572960106E-01
    8.400000     0.5625634711602138E-01
    8.440000     0.3512203897966248E-01
    8.480000     0.1343701727210248E-01
    8.520000    -0.8458696866284093E-02
    8.560000    -0.3022177863780733E-01
    8.600000    -0.5151098292028974E-01
    8.640000    -0.7199249499058202E-01
    8.680000    -0.9134516473942197E-01
    8.720000    -0.1092655423051478E+00
    8.760000    -0.1254726361675289E+00
    8.800000    -0.1397123190948031E+00
    8.840000    -0.1517613128586708E+00
    8.880000    -0.1614306892369146E+00
    8.920000    -0.1685688324079236E+00
    8.960000    -0.1730638162867763E+00
    9.000000    -0.1748451595262523E+00
    9.040000    -0.1738849306643567E+00
    9.080000    -0.1701981860896440E+00
    9.120000    -0.1638427339570457E+00
    9.160000    -0.1549182277560009E+00
    9.200000    -0.1435646037437421E+00
    9.240000    -0.1299598867447813E+00
    9.280000    -0.1143173987216624E+00
    9.320000    -0.9688241388658777E-01
    9.360000    -0.7792831280177147E-01
    9.400000    -0.5775229577222340E-01
    9.440000    -0.3667072274496687E-01
    9.480000    -0.1501415278506926E-01
    9.520000     0.6877839090498243E-02
    9.560000     0.2866198644912673E-01
    9.600000     0.4999671386023291E-01
    9.640000     0.7054749279801064E-01
    9.680000     0.8999208704871556E-01
    9.720000     0.1080256053744966E+00
    9.760000     0.1243652822080056E+00
    9.800000     0.1387549114164930E+00
    9.840000     0.1509688636139698E+00
    9.880000     0.1608156240299796E+00
    9.920000     0.1681407954611993E+00
    9.960000     0.1728295192195874E+00
   10.000000     0.1748082761166123E+00
