    0.000000     0.1488840204803610E+00
    0.040000     0.1466034586530184E+00
    0.080000     0.1445231660802887E+00
    0.120000     0.1427694552366952E+00
    0.160000     0.1414475624141616E+00
    0.200000     0.1406361362010678E+00
    0.240000     0.1403832919257232E+00
    0.280000     0.1407042405416537E+00
    0.320000     0.1415804835311062E+00
    0.360000     0.1429605877494043E+00
    0.400000     0.1447625849119464E+00
    0.440000     0.1468780458170389E+00
    0.480000     0.1491778325581070E+00
    0.520000     0.1515194213539862E+00
    0.560000     0.1537555223779491E+00
    0.600000     0.1557435282496745E+00
    0.640000     0.1573551399903397E+00
    0.680000     0.1584853921685873E+00
    0.720000     0.1590602643543091E+00
    0.760000     0.1590421437824270E+00
    0.800000     0.1584325918785844E+00
    0.840000     0.1572721398582358E+00
    0.880000     0.1556371531183585E+00
    0.920000     0.1536341091797629E+00
    0.960000     0.1513918805941005E+00
    1.000000     0.1490527664211878E+00
    1.040000     0.1467630575613012E+00
    1.080000     0.1446638588630720E+00
    1.120000     0.1428827508208170E+00
    1.160000     0.1415266948567109E+00
    1.200000     0.1406764106582022E+00
    1.240000     0.1403823167147926E+00
    1.280000     0.1406620458749329E+00
    1.320000     0.1414995270923830E+00
    1.360000     0.1428456449780730E+00
    1.400000     0.1446205200991345E+00
    1.440000     0.1467174612292242E+00
    1.480000     0.1490085982934850E+00
    1.520000     0.1513520987043262E+00
    1.560000     0.1536007068482800E+00
    1.600000     0.1556111525818861E+00
    1.640000     0.1572537893831481E+00
    1.680000     0.1584216903270431E+00
    1.720000     0.1590383878535279E+00
    1.760000     0.1590635127632558E+00
    1.800000     0.1584957682724208E+00
    1.840000     0.1573729426622124E+00
    1.880000     0.1557689772191457E+00
    1.920000     0.1537884136180799E+00
    1.960000     0.1515587971857307E+00
    2.000000     0.1492217722999638E+00
    2.040000     0.1469236558892576E+00
    2.080000     0.1448062194704567E+00
    2.120000     0.1429982744626969E+00
    2.160000     0.1416084780606595E+00
    2.200000     0.1407195998794359E+00
    2.240000     0.1403843486197970E+00
    2.280000     0.1406227742321187E+00
    2.320000     0.1414212365612471E+00
    2.360000     0.1427329498401485E+00
    2.400000     0.1444801440908190E+00
    2.440000     0.1465578954763568E+00
    2.480000     0.1488396394969921E+00
    2.520000     0.1511842794884343E+00
    2.560000     0.1534446433947444E+00
    2.600000     0.1554768489107592E+00
    2.640000     0.1571499497648621E+00
    2.680000     0.1583550982293051E+00
    2.720000     0.1590134092702513E+00
    2.760000     0.1590817728944837E+00
    2.800000     0.1585560341671502E+00
    2.840000     0.1574712230012225E+00
    2.880000     0.1558988273614576E+00
    2.920000     0.1539414131353673E+00
    2.960000     0.1517251516417102E+00
    3.000000     0.1493909830972167E+00
    3.040000     0.1470852021278666E+00
    3.080000     0.1449502028562967E+00
    3.120000     0.1431159900078737E+00
    3.160000     0.1416928866112349E+00
    3.200000     0.1407656904423111E+00
    3.240000     0.1403893868720698E+00
    3.280000     0.1405864375711129E+00
    3.320000     0.1413456360958802E+00
    3.360000     0.1426225375474913E+00
    3.400000     0.1443415013680378E+00
    3.440000     0.1463993998953780E+00
    3.480000     0.1486710113799758E+00
    3.520000     0.1510160193728759E+00
    3.560000     0.1532873844884240E+00
    3.600000     0.1553406629004681E+00
    3.640000     0.1570436567284878E+00
    3.680000     0.1582856387854847E+00
    3.720000     0.1589853371311990E+00
    3.760000     0.1590969177024997E+00
    3.800000     0.1586133686144556E+00
    3.840000     0.1575669470575363E+00
    3.880000     0.1560266593697717E+00
    3.920000     0.1540930563613202E+00
    3.960000     0.1518908889148125E+00
    4.000000     0.1495603436660907E+00
    4.040000     0.1472476444100007E+00
    4.080000     0.1450957634196381E+00
    4.120000     0.1432358605907569E+00
    4.160000     0.1417798942690185E+00
    4.200000     0.1408146680291502E+00
    4.240000     0.1403974297796451E+00
    4.280000     0.1405530469411236E+00
    4.320000     0.1412727490042761E+00
    4.360000     0.1425144425658272E+00
    4.400000     0.1442046358159748E+00
    4.440000     0.1462420254217803E+00
    4.480000     0.1485027689843093E+00
    4.520000     0.1508473741123010E+00
    4.560000     0.1531289829543431E+00
    4.600000     0.1552026408220727E+00
    4.640000     0.1569349466912765E+00
    4.680000     0.1582133358907000E+00
    4.720000     0.1589541810360535E+00
    4.760000     0.1591089417929318E+00
    4.800000     0.1586677516696922E+00
    4.840000     0.1576600818681771E+00
    4.880000     0.1561524297167252E+00
    4.920000     0.1542432923298476E+00
    4.960000     0.1520559541025990E+00
    5.000000     0.1497297987500545E+00
    5.040000     0.1474109305260538E+00
    5.080000     0.1452428550176211E+00
    5.120000     0.1433578486444930E+00
    5.160000     0.1418694739766991E+00
    5.200000     0.1408665174307256E+00
    5.240000     0.1404084747278645E+00
    5.280000     0.1405226124801599E+00
    5.320000     0.1412025977385078E+00
    5.360000     0.1424086986056805E+00
    5.400000     0.1440695907115820E+00
    5.440000     0.1460858225742016E+00
    5.480000     0.1483349671646070E+00
    5.520000     0.1506783995303331E+00
    5.560000     0.1529694919524327E+00
    5.600000     0.1550628295361756E+00
    5.640000     0.1568238568806937E+00
    5.680000     0.1581382144157492E+00
    5.720000     0.1589199516537874E+00
    5.760000     0.1591178408529856E+00
    5.800000     0.1587191643999500E+00
    5.840000     0.1577505953378285E+00
    5.880000     0.1562760955395458E+00
    5.920000     0.1543920704974671E+00
    5.960000     0.1522202924662147E+00
    6.000000     0.1498992930007244E+00
    6.040000     0.1475750079397441E+00
    6.080000     0.1453914309785932E+00
    6.120000     0.1434819159110554E+00
    6.160000     0.1419615978660506E+00
    6.200000     0.1409212225501494E+00
    6.240000     0.1404225181802051E+00
    6.280000     0.1404951434127541E+00
    6.320000     0.1411352038892320E+00
    6.360000     0.1423053386135510E+00
    6.400000     0.1439364087114345E+00
    6.440000     0.1459308414392210E+00
    6.480000     0.1481676605705804E+00
    6.520000     0.1505091515005090E+00
    6.560000     0.1528089649584369E+00
    6.600000     0.1549212764753996E+00
    6.640000     0.1567104253200973E+00
    6.680000     0.1580603001974053E+00
    6.720000     0.1588826607185619E+00
    6.760000     0.1591236116533506E+00
    6.800000     0.1587675888917258E+00
    6.840000     0.1578384562514327E+00
    6.880000     0.1563976146562777E+00
    6.920000     0.1545393407616124E+00
    6.960000     0.1523838494492041E+00
    7.000000     0.1500687709957969E+00
    7.040000     0.1477398238040915E+00
    7.080000     0.1455414441154306E+00
    7.120000     0.1436080234515582E+00
    7.160000     0.1420562372651343E+00
    7.200000     0.1409787664069864E+00
    7.240000     0.1404395556793287E+00
    7.280000     0.1404706480479111E+00
    7.320000     0.1410705881804311E+00
    7.360000     0.1422043947633316E+00
    7.400000     0.1438051318398214E+00
    7.440000     0.1457771316563590E+00
    7.480000     0.1480009036295417E+00
    7.520000     0.1503396859272794E+00
    7.560000     0.1526474557447696E+00
    7.600000     0.1547780296266976E+00
    7.640000     0.1565946908141340E+00
    7.680000     0.1579796200283388E+00
    7.720000     0.1588423210252000E+00
    7.760000     0.1591262520496725E+00
    7.800000     0.1588130082582009E+00
    7.840000     0.1579236342864715E+00
    7.880000     0.1565169455817964E+00
    7.920000     0.1546850534788433E+00
    7.960000     0.1525465706963407E+00
    8.000000     0.1502381772570860E+00
    8.040000     0.1479053249775625E+00
    8.080000     0.1456928467390672E+00
    8.120000     0.1437361316567931E+00
    8.160000     0.1421533627057266E+00
    8.200000     0.1410391311415871E+00
    8.240000     0.1404595818483535E+00
    8.280000     0.1404491337772852E+00
    8.320000     0.1410087704643902E+00
    8.360000     0.1421058984479694E+00
    8.400000     0.1436758014770717E+00
    8.440000     0.1456247424032864E+00
    8.480000     0.1478347505290586E+00
    8.520000     0.1501700587270760E+00
    8.560000     0.1524850183613297E+00
    8.600000     0.1546331375135014E+00
    8.640000     0.1564766929338604E+00
    8.680000     0.1578962016466728E+00
    8.720000     0.1587989464242366E+00
    8.760000     0.1591257609835923E+00
    8.800000     0.1588554066461187E+00
    8.840000     0.1580061000249249E+00
    8.880000     0.1566340475436036E+00
    8.920000     0.1548291594829512E+00
    8.960000     0.1527084020724609E+00
    9.000000     0.1504074562686578E+00
    9.040000     0.1480714580403821E+00
    9.080000     0.1458455906722291E+00
    9.120000     0.1438662002579878E+00
    9.160000     0.1422529439309700E+00
    9.200000     0.1411022980196441E+00
    9.240000     0.1404825903923461E+00
    9.280000     0.1404306070735831E+00
    9.320000     0.1409497697169105E+00
    9.360000     0.1420098802713683E+00
    9.400000     0.1435484583481175E+00
    9.440000     0.1454737223812431E+00
    9.480000     0.1476692551997660E+00
    9.520000     0.1500003258094523E+00
    9.560000     0.1523217071162838E+00
    9.600000     0.1544866491777180E+00
    9.640000     0.1563564720015975E+00
    9.680000     0.1578100737251761E+00
    9.720000     0.1587525518165472E+00
    9.760000     0.1591221384833483E+00
    9.800000     0.1588947692422608E+00
    9.840000     0.1580858249648981E+00
    9.880000     0.1567488804973936E+00
    9.920000     0.1549716101029516E+00
    9.960000     0.1528692896812969E+00
   10.000000     0.1505765524950589E+00
