   0.00000000000000000000000000000000000         0.00000000000000000000000000000000000      
   35.3553390593273762200422181052424533         35.3553390593273762200422181052424533      
   70.7106781186547524400844362104849065         70.6126781186547524400844362104848976      
   106.066017177982128660126654315727366         105.772017177982128660126654315727351      
   141.421356237309504880168872420969813         140.833356237309504880168872420969809      
   176.776695296636881100211090526212260         175.796695296636881100211090526212244      
   212.132034355964257320253308631454707         210.662034355964257320253308631454684      
   247.487373415291633540295526736697154         245.429373415291633540295526736697126      
   282.842712474619009760337744841939626         280.098712474619009760337744841939572      
   318.198051533946385980379962947182098         314.670051533946385980379962947182021      
   353.553390593273762200422181052424570         349.143390593273762200422181052424449      
   388.908729652601138420464399157667041         383.518729652601138420464399157666905      
   424.264068711928514640506617262909513         417.796068711928514640506617262909340      
   459.619407771255890860548835368151985         451.975407771255890860548835368151753      
   494.974746830583267080591053473394457         486.056746830583267080591053473394195      
   530.330085889910643300633271578636928         520.040085889910643300633271578636664      
   565.685424949238019520675489683879351         553.925424949238019520675489683879063      
   601.040764008565395740717707789121773         587.712764008565395740717707789121440      
   636.396103067892771960759925894364196         621.402103067892771960759925894363895      
   671.751442127220148180802143999606618         654.993442127220148180802143999606329      
   707.106781186547524400844362104849041         688.486781186547524400844362104848741      
   742.462120245874900620886580210091463         721.882120245874900620886580210091132      
   777.817459305202276840928798315333886         755.179459305202276840928798315333600      
   813.172798364529653060971016420576308         788.378798364529653060971016420576047      
   848.528137423857029281013234525818731         821.480137423857029281013234525818473      
   883.883476483184405501055452631061153         854.483476483184405501055452631060877      
   919.238815542511781721097670736303575         887.388815542511781721097670736303260      
   954.594154601839157941139888841545998         920.196154601839157941139888841545720      
   989.949493661166534161182106946788420         952.905493661166534161182106946788159      
   1025.30483272049391038122432505203084         985.516832720493910381224325052030577      
   1060.66017177982128660126654315727327         1018.03017177982128660126654315727297      
   1096.01551083914866282130876126251569         1050.44551083914866282130876126251535      
   1131.37084989847603904135097936775811         1082.76284989847603904135097936775780      
   1166.72618895780341526139319747300053         1114.98218895780341526139319747300013      
   1202.08152801713079148143541557824296         1147.10352801713079148143541557824254      
   1237.43686707645816770147763368348538         1179.12686707645816770147763368348503      
   1272.79220613578554392151985178872780         1211.05220613578554392151985178872740      
   1308.14754519511292014156206989397022         1242.87954519511292014156206989396984      
   1343.50288425444029636160428799921264         1274.60888425444029636160428799921217      
   1378.85822331376767258164650610445507         1306.24022331376767258164650610445457      
   1414.21356237309504880168872420969749         1337.77356237309504880168872420969705      
   1449.56890143242242502173094231493991         1369.20890143242242502173094231493941      
   1484.92424049174980124177316042018233         1400.54624049174980124177316042018184      
   1520.27957955107717746181537852542476         1431.78557955107717746181537852542416      
   1555.63491861040455368185759663066718         1462.92691861040455368185759663066655      
   1590.99025766973192990189981473590960         1493.97025766973192990189981473590903      
   1626.34559672905930612194203284115202         1524.91559672905930612194203284115138      
   1661.70093578838668234198425094639445         1555.76293578838668234198425094639381      
   1697.05627484771405856202646905163687         1586.51227484771405856202646905163612      
   1732.41161390704143478206868715687929         1617.16361390704143478206868715687850      
   1767.76695296636881100211090526212171         1647.71695296636881100211090526212096      
   1803.12229202569618722215312336736414         1678.17229202569618722215312336736331      
   1838.47763108502356344219534147260656         1708.52963108502356344219534147260573      
   1873.83297014435093966223755957784898         1738.78897014435093966223755957784803      
   1909.18830920367831588227977768309140         1768.95030920367831588227977768309041      
   1944.54364826300569210232199578833383         1799.01364826300569210232199578833286      
   1979.89898732233306832236421389357625         1828.97898732233306832236421389357520      
   2015.25432638166044454240643199881867         1858.84632638166044454240643199881761      
   2050.60966544098782076244865010406129         1888.61566544098782076244865010405991      
   2085.96500450031519698249086820930371         1918.28700450031519698249086820930228      
   2121.32034355964257320253308631454614         1947.86034355964257320253308631454472      
   2156.67568261896994942257530441978856         1977.33568261896994942257530441978705      
   2192.03102167829732564261752252503098         2006.71302167829732564261752252502946      
   2227.38636073762470186265974063027340         2035.99236073762470186265974063027174      
   2262.74169979695207808270195873551583         2065.17369979695207808270195873551391      
   2298.09703885627945430274417684075825         2094.25703885627945430274417684075615      
   2333.45237791560683052278639494600067         2123.24237791560683052278639494599867      
   2368.80771697493420674282861305124309         2152.12971697493420674282861305124106      
   2404.16305603426158296287083115648552         2180.91905603426158296287083115648334      
   2439.51839509358895918291304926172794         2209.61039509358895918291304926172550      
   2474.87373415291633540295526736697036         2238.20373415291633540295526736696793      
   2510.22907321224371162299748547221278         2266.69907321224371162299748547221024      
   2545.58441227157108784303970357745521         2295.09641227157108784303970357745244      
   2580.93975133089846406308192168269763         2323.39575133089846406308192168269490      
   2616.29509039022584028312413978794005         2351.59709039022584028312413978793725      
   2651.65042944955321650316635789318247         2379.70042944955321650316635789317948      
   2687.00576850888059272320857599842490         2407.70576850888059272320857599842198      
   2722.36110756820796894325079410366732         2435.61310756820796894325079410366436      
   2757.71644662753534516329301220890974         2463.42244662753534516329301220890662      
   2793.07178568686272138333523031415216         2491.13378568686272138333523031414876      
   2828.42712474619009760337744841939459         2518.74712474619009760337744841939118      
   2863.78246380551747382341966652463701         2546.26246380551747382341966652463347      
   2899.13780286484485004346188462987943         2573.67980286484485004346188462987565      
   2934.49314192417222626350410273512185         2600.99914192417222626350410273511810      
   2969.84848098349960248354632084036427         2628.22048098349960248354632084036043      
   3005.20382004282697870358853894560670         2655.34382004282697870358853894560264      
   3040.55915910215435492363075705084912         2682.36915910215435492363075705084513      
   3075.91449816148173114367297515609154         2709.29649816148173114367297515608749      
   3111.26983722080910736371519326133396         2736.12583722080910736371519326132974      
   3146.62517628013648358375741136657639         2762.85717628013648358375741136657187      
   3181.98051533946385980379962947181881         2789.49051533946385980379962947181427      
   3217.33585439879123602384184757706123         2816.02585439879123602384184757705655      
   3252.69119345811861224388406568230365         2842.46319345811861224388406568229871      
   3288.04653251744598846392628378754608         2868.80253251744598846392628378754114      
   3323.40187157677336468396850189278850         2895.04387157677336468396850189278346      
   3358.75721063610074090401071999803092         2921.18721063610074090401071999802565      
   3394.11254969542811712405293810327334         2947.23254969542811712405293810326812      
   3429.46788875475549334409515620851577         2973.17988875475549334409515620851047      
   3464.82322781408286956413737431375819         2999.02922781408286956413737431375270      
   3500.17856687341024578417959241900061         3024.78056687341024578417959241899481      
   3535.53390593273762200422181052424303         3050.43390593273762200422181052423720      
   3570.88924499206499822426402862948546         3075.98924499206499822426402862947946      
   3606.24458405139237444430624673472788         3101.44658405139237444430624673472161      
   3641.59992311071975066434846483997030         3126.80592311071975066434846483996403      
   3676.95526217004712688439068294521272         3152.06726217004712688439068294520632      
   3712.31060122937450310443290105045515         3177.23060122937450310443290105044850      
   3747.66594028870187932447511915569757         3202.29594028870187932447511915569096      
   3783.02127934802925554451733726093999         3227.26327934802925554451733726093329      
   3818.37661840735663176455955536618241         3252.13261840735663176455955536617551      
   3853.73195746668400798460177347142484         3276.90395746668400798460177347141800      
   3889.08729652601138420464399157666726         3301.57729652601138420464399157666036      
   3924.44263558533876042468620968190968         3326.15263558533876042468620968190261      
   3959.79797464466613664472842778715210         3350.62997464466613664472842778714474      
   3995.15331370399351286477064589239453         3375.00931370399351286477064589238715      
   4030.50865276332088908481286399763695         3399.29065276332088908481286399762943      
   4065.86399182264826530485508210287937         3423.47399182264826530485508210287159      
   4101.21933088197564152489730020812179         3447.55933088197564152489730020811403      
   4136.57466994130301774493951831336461         3471.54666994130301774493951831335635      
   4171.93000900063039396498173641860743         3495.43600900063039396498173641859855      
   4207.28534805995777018502395452385024         3519.22734805995777018502395452384102      
   4242.64068711928514640506617262909306         3542.92068711928514640506617262908337      
   4277.99602617861252262510839073433588         3566.51602617861252262510839073432561      
   4313.35136523793989884515060883957869         3590.01336523793989884515060883956811      
   4348.70670429726727506519282694482151         3613.41270429726727506519282694481050      
   4384.06204335659465128523504505006433         3636.71404335659465128523504505005277      
   4419.41738241592202750527726315530715         3659.91738241592202750527726315529492      
   4454.77272147524940372531948126054996         3683.02272147524940372531948126053734      
   4490.12806053457677994536169936579278         3706.03006053457677994536169936577964      
   4525.48339959390415616540391747103560         3728.93939959390415616540391747102183      
   4560.83873865323153238544613557627841         3751.75073865323153238544613557626428      
   4596.19407771255890860548835368152123         3774.46407771255890860548835368150662      
   4631.54941677188628482553057178676405         3797.07941677188628482553057178674884      
   4666.90475583121366104557278989200686         3819.59675583121366104557278989199133      
   4702.26009489054103726561500799724968         3842.01609489054103726561500799723370      
   4737.61543394986841348565722610249250         3864.33743394986841348565722610247595      
   4772.97077300919578970569944420773531         3886.56077300919578970569944420771809      
   4808.32611206852316592574166231297813         3908.68611206852316592574166231296049      
   4843.68145112785054214578388041822095         3930.71345112785054214578388041820278      
   4879.03679018717791836582609852346376         3952.64279018717791836582609852344495      
   4914.39212924650529458586831662870658         3974.47412924650529458586831662868739      
   4949.74746830583267080591053473394940         3996.20746830583267080591053473392971      
   4985.10280736516004702595275283919222         4017.84280736516004702595275283917191      
   5020.45814642448742324599497094443503         4039.38014642448742324599497094441439      
   5055.81348548381479946603718904967785         4060.81948548381479946603718904965674      
   5091.16882454314217568607940715492067         4082.16082454314217568607940715489898      
   5126.52416360246955190612162526016348         4103.40416360246955190612162526014149      
   5161.87950266179692812616384336540630         4124.54950266179692812616384336538349      
   5197.23484172112430434620606147064912         4145.59684172112430434620606147062615      
   5232.59018078045168056624827957589193         4166.54618078045168056624827957586870      
   5267.94551983977905678629049768113475         4187.39751983977905678629049768111112      
   5303.30085889910643300633271578637757         4208.15085889910643300633271578635343      
   5338.65619795843380922637493389162038         4228.80619795843380922637493389159561      
   5374.01153701776118544641715199686320         4249.36353701776118544641715199683768      
   5409.36687607708856166645937010210602         4269.82287607708856166645937010208041      
   5444.72221513641593788650158820734883         4290.18421513641593788650158820732303      
   5480.07755419574331410654380631259165         4310.44755419574331410654380631256552      
   5515.43289325507069032658602441783447         4330.61289325507069032658602441780790      
   5550.78823231439806654662824252307729         4350.68023231439806654662824252305016      
   5586.14357137372544276667046062832010         4370.64957137372544276667046062829229      
   5621.49891043305281898671267873356292         4390.52091043305281898671267873353431      
   5656.85424949238019520675489683880574         4410.29424949238019520675489683877699      
   5692.20958855170757142679711494404855         4429.96958855170757142679711494401955      
   5727.56492761103494764683933304929137         4449.54692761103494764683933304926200      
   5762.92026667036232386688155115453419         4469.02626667036232386688155115450432      
   5798.27560572968970008692376925977700         4488.40760572968970008692376925974653      
   5833.63094478901707630696598736501982         4507.69094478901707630696598736498861      
   5868.98628384834445252700820547026264         4526.87628384834445252700820547023058      
   5904.34162290767182874705042357550545         4545.96362290767182874705042357547321      
   5939.69696196699920496709264168074827         4564.95296196699920496709264168071573      
   5975.05230102632658118713485978599109         4583.84430102632658118713485978595812      
   6010.40764008565395740717707789123391         4602.63764008565395740717707789120039      
   6045.76297914498133362721929599647672         4621.33297914498133362721929599644255      
   6081.11831820430870984726151410171954         4639.93031820430870984726151410168458      
   6116.47365726363608606730373220696236         4658.42965726363608606730373220692729      
   6151.82899632296346228734595031220517         4676.83099632296346228734595031216987      
   6187.18433538229083850738816841744799         4695.13433538229083850738816841741233      
   6222.53967444161821472743038652269081         4713.33967444161821472743038652265468      
   6257.89501350094559094747260462793362         4731.44701350094559094747260462789690      
   6293.25035256027296716751482273317644         4749.45635256027296716751482273313900      
   6328.60569161960034338755704083841926         4767.36769161960034338755704083838099      
   6363.96103067892771960759925894366207         4785.18103067892771960759925894362364      
   6399.31636973825509582764147704890489         4802.89636973825509582764147704886617      
   6434.67170879758247204768369515414771         4820.51370879758247204768369515410859      
   6470.02704785690984826772591325939052         4838.03304785690984826772591325935088      
   6505.38238691623722448776813136463334         4855.45438691623722448776813136459305      
   6540.73772597556460070781034946987616         4872.77772597556460070781034946983511      
   6576.09306503489197692785256757511898         4890.00306503489197692785256757507783      
   6611.44840409421935314789478568036179         4907.13040409421935314789478568032043      
   6646.80374315354672936793700378560461         4924.15974315354672936793700378556291      
   6682.15908221287410558797922189084743         4941.09108221287410558797922189080528      
   6717.51442127220148180802143999609024         4957.92442127220148180802143999604752      
   6752.86976033152885802806365810133306         4974.65976033152885802806365810128964      
   6788.22509939085623424810587620657588         4991.29709939085623424810587620653164      
   6823.58043845018361046814809431181869         5007.83643845018361046814809431177432      
   6858.93577750951098668819031241706151         5024.27777750951098668819031241701687      
   6894.29111656883836290823253052230433         5040.62111656883836290823253052225930      
   6929.64645562816573912827474862754714         5056.86645562816573912827474862750161      
   6965.00179468749311534831696673278996         5073.01379468749311534831696673274380      
   7000.35713374682049156835918483803278         5089.06313374682049156835918483798588      
   7035.71247280614786778840140294327559         5105.01447280614786778840140294322862      
   7071.06781186547524400844362104851841         5120.86781186547524400844362104847124      
   7106.42315092480262022848583915376123         5136.62315092480262022848583915371374      
   7141.77848998412999644852805725900405         5152.28048998412999644852805725895612      
   7177.13382904345737266857027536424686         5167.83982904345737266857027536419838      
   7212.48916810278474888861249346948968         5183.30116810278474888861249346944052      
   7247.84450716211212510865471157473250         5198.66450716211212510865471157468255      
   7283.19984622143950132869692967997531         5213.92984622143950132869692967992524      
   7318.55518528076687754873914778521813         5229.09718528076687754873914778516781      
   7353.91052434009425376878136589046095         5244.16652434009425376878136589041026      
   7389.26586339942162998882358399570376         5259.13786339942162998882358399565259      
   7424.62120245874900620886580210094658         5274.01120245874900620886580210089480      
   7459.97654151807638242890802020618940         5288.78654151807638242890802020613689      
   7495.33188057740375864895023831143221         5303.46388057740375864895023831137965      
   7530.68721963673113486899245641667503         5318.04321963673113486899245641662229      
   7566.04255869605851108903467452191785         5332.52455869605851108903467452186481      
   7601.39789775538588730907689262716066         5346.90789775538588730907689262710721      
   7636.75323681471326352911911073240348         5361.19323681471326352911911073234949      
   7672.10857587404063974916132883764630         5375.38057587404063974916132883759165      
   7707.46391493336801596920354694288912         5389.46991493336801596920354694283369      
   7742.81925399269539218924576504813193         5403.46125399269539218924576504807640      
   7778.17459305202276840928798315337475         5417.35459305202276840928798315331899      
   7813.52993211135014462933020125861757         5431.14993211135014462933020125856146      
   7848.88527117067752084937241936386038         5444.84727117067752084937241936380381      
   7884.24061023000489706941463746910320         5458.44661023000489706941463746904604      
   7919.59594928933227328945685557434602         5471.94794928933227328945685557428815      
   7954.95128834865964950949907367958883         5485.35128834865964950949907367953093      
   7990.30662740798702572954129178483165         5498.65662740798702572954129178477359      
   8025.66196646731440194958350989007447         5511.86396646731440194958350989001613      
   8061.01730552664177816962572799531728         5524.97330552664177816962572799525855      
   8096.37264458596915438966794610056010         5537.98464458596915438966794610050085      
   8131.72798364529653060971016420580292         5550.89798364529653060971016420574303      
   8167.08332270462390682975238231104574         5563.71332270462390682975238231098509      
   8202.43866176395128304979460041628776         5576.43066176395128304979460041622782      
   8237.79400082327865926983681852152979         5589.05000082327865926983681852147042      
   8273.14933988260603548987903662677182         5601.57133988260603548987903662671291      
   8308.50467894193341170992125473201385         5613.99467894193341170992125473195528      
   8343.86001800126078792996347283725588         5626.32001800126078792996347283719753      
   8379.21535706058816415000569094249790         5638.54735706058816415000569094243966      
   8414.57069611991554037004790904773993         5650.67669611991554037004790904768246      
   8449.92603517924291659009012715298196         5662.70803517924291659009012715292514      
   8485.28137423857029281013234525822399         5674.64137423857029281013234525816769      
   8520.63671329789766903017456336346602         5686.47671329789766903017456336341013      
   8555.99205235722504525021678146870804         5698.21405235722504525021678146865245      
   8591.34739141655242147025899957395007         5709.85339141655242147025899957389465      
   8626.70273047587979769030121767919210         5721.39473047587979769030121767913673      
   8662.05806953520717391034343578443413         5732.83806953520717391034343578437948      
   8697.41340859453455013038565388967616         5744.18340859453455013038565388962210      
   8732.76874765386192635042787199491818         5755.43074765386192635042787199486461      
   8768.12408671318930257047009010016021         5766.58008671318930257047009010010700      
   8803.47942577251667879051230820540224         5777.63142577251667879051230820534927      
   8838.83476483184405501055452631064427         5788.58476483184405501055452631059141      
   8874.19010389117143123059674441588630         5799.44010389117143123059674441583344      
   8909.54544295049880745063896252112832         5810.19744295049880745063896252107614      
   8944.90078200982618367068118062637035         5820.85678200982618367068118062631872      
   8980.25612106915355989072339873161238         5831.41812106915355989072339873156117      
   9015.61146012848093611076561683685441         5841.88146012848093611076561683680351      
   9050.96679918780831233080783494209644         5852.24679918780831233080783494204573      
   9086.32213824713568855085005304733846         5862.51413824713568855085005304728783      
   9121.67747730646306477089227115258049         5872.68347730646306477089227115253059      
   9157.03281636579044099093448925782252         5882.75481636579044099093448925777324      
   9192.38815542511781721097670736306455         5892.72815542511781721097670736301576      
   9227.74349448444519343101892546830658         5902.60349448444519343101892546825817      
   9263.09883354377256965106114357354860         5912.38083354377256965106114357350046      
   9298.45417260309994587110336167879063         5922.06017260309994587110336167874262      
   9333.80951166242732209114557978403266         5931.64151166242732209114557978398467      
   9369.16485072175469831118779788927469         5941.12485072175469831118779788922739      
   9404.52018978108207453123001599451672         5950.51018978108207453123001599446998      
   9439.87552884040945075127223409975874         5959.79752884040945075127223409971246      
   9475.23086789973682697131445220500077         5968.98686789973682697131445220495482      
   9510.58620695906420319135667031024280         5978.07820695906420319135667031019705      
   9545.94154601839157941139888841548483         5987.07154601839157941139888841543917      
   9581.29688507771895563144110652072686         5995.96688507771895563144110652068195      
   9616.65222413704633185148332462596888         6004.76422413704633185148332462592462      
   9652.00756319637370807152554273121091         6013.46356319637370807152554273116716      
   9687.36290225570108429156776083645294         6022.06490225570108429156776083640959      
   9722.71824131502846051160997894169497         6030.56824131502846051160997894165190      
   9758.07358037435583673165219704693700         6038.97358037435583673165219704689408      
   9793.42891943368321295169441515217902         6047.28091943368321295169441515213615      
   9828.78425849301058917173663325742105         6055.49025849301058917173663325737888      
   9864.13959755233796539177885136266308         6063.60159755233796539177885136262150      
   9899.49493661166534161182106946790511         6071.61493661166534161182106946786399      
   9934.85027567099271783186328757314714         6079.53027567099271783186328757310637      
   9970.20561473032009405190550567838916         6087.34761473032009405190550567834862      
   10005.5609537896474702719477237836312         6095.06695378964747027194772378359076      
   10040.9162928489748464919899418888732         6102.68829284897484649198994188883277      
   10076.2716319083022227120321599941152         6110.21163190830222271203215999407546      
   10111.6269709676295989320743780993573         6117.63697096762959893207437809931802      
   10146.9823100269569751521165962045993         6124.96431002695697515211659620456047      
   10182.3376490862843513721588143098413         6132.19364908628435137215881430980279      
   10217.6929881456117275922010324150834         6139.32498814561172759220103241504500      
   10253.0483272049391038122432505203254         6146.35832720493910381224325052028708      
   10288.4036662642664800322854686255674         6153.29366626426648003228546862552984      
   10323.7590053235938562523276867308094         6160.13100532359385625232768673077247      
   10359.1143443829212324723699048360515         6166.87034438292123247236990483601498      
   10394.4696834422486086924121229412935         6173.51168344224860869241212294125738      
   10429.8250225015759849124543410465355         6180.05502250157598491245434104649965      
   10465.1803615609033611324965591517776         6186.50036156090336113249655915174181      
   10500.5357006202307373525387772570196         6192.84770062023073735253877725698384      
   10535.8910396795581135725809953622616         6199.09703967955811357258099536222654      
   10571.2463787388854897926232134675036         6205.24837873888548979262321346746913      
   10606.6017177982128660126654315727457         6211.30171779821286601266543157271159      
   10641.9570568575402422327076496779877         6217.25705685754024223270764967795393      
   10677.3123959168676184527498677832297         6223.11439591686761845274986778319616      
   10712.6677349761949946727920858884718         6228.87373497619499467279208588843826      
   10748.0230740355223708928343039937138         6234.53507403552237089283430399368103      
   10783.3784130948497471128765220989558         6240.09841309484974711287652209892369      
   10818.7337521541771233329187402041978         6245.56375215417712333291874020416622      
   10854.0890912135044995529609583094399         6250.93109121350449955296095830940863      
   10889.4444302728318757730031764146819         6256.20043027283187577300317641465093      
   10924.7997693321592519930453945199239         6261.37176933215925199304539451989310      
   10960.1551083914866282130876126251659         6266.44510839148662821308761262513515      
   10995.5104474508140044331298307304080         6271.42044745081400443312983073037787      
   11030.8657865101413806531720488356500         6276.29778651014138065317204883562048      
   11066.2211255694687568732142669408920         6281.07712556946875687321426694086296      
   11101.5764646287961330932564850461341         6285.75846462879613309325648504610532      
   11136.9318036881235093132987031513761         6290.34180368812350931329870315134756      
   11172.2871427474508855333409212566181         6294.82714274745088553334092125658969      
   11207.6424818067782617533831393618601         6299.21448180677826175338313936183169      
   11242.9978208661056379734253574671022         6303.50382086610563797342535746707436      
   11278.3531599254330141934675755723442         6307.69515992543301419346757557231691      
   11313.7084989847603904135097936775862         6311.78849898476039041350979367755934      
   11349.0638380440877666335520117828283         6315.78383804408776663355201178280166      
   11384.4191771034151428535942298880703         6319.68117710341514285359422988804385      
   11419.7745161627425190736364479933123         6323.48051616274251907363644799328592      
   11455.1298552220698952936786660985543         6327.18185522206989529367866609852866      
   11490.4851942813972715137208842037964         6330.78519428139727151372088420377128      
   11525.8405333407246477337631023090384         6334.29053334072464773376310230901378      
   11561.1958724000520239538053204142804         6337.69787240005202395380532041425617      
   11596.5512114593794001738475385195225         6341.00721145937940017384753851949843      
   11631.9065505187067763938897566247645         6344.21855051870677639388975662474057      
   11667.2618895780341526139319747300065         6347.33188957803415261393197472998259      
   11702.6172286373615288339741928352485         6350.34722863736152883397419283522528      
   11737.9725676966889050540164109404906         6353.26456769668890505401641094046785      
   11773.3279067560162812740586290457326         6356.08390675601628127405862904571030      
   11808.6832458153436574941008471509746         6358.80524581534365749410084715095263      
   11844.0385848746710337141430652562166         6361.42858487467103371414306525619485      
   11879.3939239339984099341852833614587         6363.95392393399840993418528336143694      
   11914.7492629933257861542275014667007         6366.38126299332578615422750146667970      
   11950.1046020526531623742697195719427         6368.71060205265316237426971957192234      
   11985.4599411119805385943119376771848         6370.94194111198053859431193767716486      
   12020.8152801713079148143541557824268         6373.07528017130791481435415578240726      
   12056.1706192306352910343963738876688         6375.11061923063529103439637388764954      
   12091.5259582899626672544385919929108         6377.04795828996266725443859199289170      
   12126.8812973492900434744808100981529         6378.88729734929004347448081009813374      
   12162.2366364086174196945230282033949         6380.62863640861741969452302820337645      
   12197.5919754679447959145652463086369         6382.27197546794479591456524630861904      
   12232.9473145272721721346074644138790         6383.81731452727217213460746441386151      
   12268.3026535865995483546496825191210         6385.26465358659954835464968251910386      
   12303.6579926459269245746919006243630         6386.61399264592692457469190062434609      
   12339.0133317052543007947341187296050         6387.86533170525430079473411872958820      
   12374.3686707645816770147763368348471         6389.01867076458167701477633683483098      
   12409.7240098239090532348185549400891         6390.07400982390905323481855494007364      
   12445.0793488832364294548607730453311         6391.03134888323642945486077304531618      
   12480.4346879425638056749029911505732         6391.89068794256380567490299115055859      
   12515.7900270018911818949452092558152         6392.65202700189118189494520925580089      
   12551.1453660612185581149874273610572         6393.31536606121855811498742736104307      
   12586.5007051205459343350296454662992         6393.88070512054593433502964546628513      
   12621.8560441798733105550718635715413         6394.34804417987331055507186357152786      
   12657.2113832392006867751140816767833         6394.71738323920068677511408167677047      
   12692.5667222985280629951562997820253         6394.98872229852806299515629978201296      
   12727.9220613578554392151985178872673         6395.16206135785543921519851788725533      
   12763.2774004171828154352407359925094         6395.23740041718281543524073599249758      
   12798.6327394765101916552829540977514         6395.21473947651019165528295409773971      
   12833.9880785358375678753251722029934         6395.09407853583756787532517220298171      
   12869.3434175951649440953673903082355         6394.87541759516494409536739030822439      
   12904.6987566544923203154096084134775         6394.55875665449232031540960841346695      
   12940.0540957138196965354518265187195         6394.14409571381969653545182651870939      
   12975.4094347731470727554940446239615         6393.63143477314707275549404462395171      
   13010.7647738324744489755362627292036         6393.02077383247444897553626272919391      
   13046.1201128918018251955784808344456         6392.31211289180182519557848083443598      
   13081.4754519511292014156206989396876         6391.50545195112920141562069893967873      
   13116.8307910104565776356629170449297         6390.60079101045657763566291704492136      
   13152.1861300697839538557051351501717         6389.59813006978395385570513515016387      
   13187.5414691291113300757473532554137         6388.49746912911133007574735325540625      
   13222.8968081884387062957895713606557         6387.29880818843870629578957136064852      
   13258.2521472477660825158317894658978         6386.00214724776608251583178946589067      
   13293.6074863070934587358740075711398         6384.60748630709345873587400757113270      
   13328.9628253664208349559162256763818         6383.11482536642083495591622567637540      
   13364.3181644257482111759584437816239         6381.52416442574821117595844378161797      
   13399.6735034850755873960006618868659         6379.83550348507558739600066188686043      
   13435.0288425444029636160428799921079         6378.04884254440296361604287999210277      
   13470.3841816037303398360850980973499         6376.16418160373033983608509809734498      
   13505.7395206630577160561273162025920         6374.18152066305771605612731620258708      
   13541.0948597223850922761695343078340         6372.10085972238509227616953430782985      
   13576.4501987817124684962117524130760         6369.92219878171246849621175241307249      
   13611.8055378410398447162539705183181         6367.64553784103984471625397051831502      
   13647.1608769003672209362961886235601         6365.27087690036722093629618862355743      
   13682.5162159596945971563384067288021         6362.79821595969459715633840672879971      
   13717.8715550190219733763806248340441         6360.22755501902197337638062483404188      
   13753.2268940783493495964228429392862         6357.55889407834934959642284293928393      
   13788.5822331376767258164650610445282         6354.79223313767672581646506104452664      
   13823.9375721970041020365072791497702         6351.92757219700410203650727914976924      
   13859.2929112563314782565494972550122         6348.96491125633147825654949725501172      
   13894.6482503156588544765917153602543         6345.90425031565885447659171536025407      
   13930.0035893749862306966339334654963         6342.74558937498623069663393346549631      
   13965.3589284343136069166761515707383         6339.48892843431360691667615157073843      
   14000.7142674936409831367183696759804         6336.13426749364098313671836967598121      
   14036.0696065529683593567605877812224         6332.68160655296835935676058778122388      
   14071.4249456122957355768028058864644         6329.13094561229573557680280588646642      
   14106.7802846716231117968450239917064         6325.48228467162311179684502399170885      
   14142.1356237309504880168872420969485         6321.73562373095048801688724209695115      
   14177.4909627902778642369294602021905         6317.89096279027786423692946020219334      
   14212.8463018496052404569716783074325         6313.94830184960524045697167830743540      
   14248.2016409089326166770138964126746         6309.90764090893261667701389641267814      
   14283.5569799682599928970561145179166         6305.76897996825999289705611451792075      
   14318.9123190275873691170983326231586         6301.53231902758736911709833262316325      
   14354.2676580869147453371405507284006         6297.19765808691474533714055072840562      
   14389.6229971462421215571827688336427         6292.76499714624212155718276883364788      
   14424.9783362055694977772249869388847         6288.23433620556949777722498693889002      
   14460.3336752648968739972672050441267         6283.60567526489687399726720504413203      
   14495.6890143242242502173094231493688         6278.87901432422425021730942314937471      
   14531.0443533835516264373516412546108         6274.05435338355162643735164125461728      
   14566.3996924428790026573938593598528         6269.13169244287900265739385935985972      
   14601.7550315022063788774360774650948         6264.11103150220637887743607746510205      
   14637.1103705615337550974782955703369         6258.99237056153375509747829557034425      
   14672.4657096208611313175205136755789         6253.77570962086113131752051367558634      
   14707.8210486801885075375627317808209         6248.46104868018850753756273178082909      
   14743.1763877395158837576049498860629         6243.04838773951588375760494988607173      
   14778.5317267988432599776471679913050         6237.53772679884325997764716799131424      
   14813.8870658581706361976893860965470         6231.92906585817063619768938609655663      
   14849.2424049174980124177316042017890         6226.22240491749801241773160420179891      
   14884.5977439768253886377738223070311         6220.41774397682538863777382230704106      
   14919.9530830361527648578160404122731         6214.51508303615276485781604041228310      
   14955.3084220954801410778582585175151         6208.51442209548014107785825851752580      
   14990.6637611548075172979004766227571         6202.41576115480751729790047662276838      
   15026.0191002141348935179426947279992         6196.21910021413489351794269472801085      
   15061.3744392734622697379849128332412         6189.92443927346226973798491283325319      
   15096.7297783327896459580271309384832         6183.53177833278964595802713093849541      
   15132.0851173921170221780693490437253         6177.04111739211702217806934904373752      
   15167.4404564514443983981115671489673         6170.45245645144439839811156714898029      
   15202.7957955107717746181537852542093         6163.76579551077177461815378525422294      
   15238.1511345700991508381960033594513         6156.98113457009915083819600335946548      
   15273.5064736294265270582382214646934         6150.09847362942652705823822146470789      
   15308.8618126887539032782804395699354         6143.11781268875390327828043956995018      
   15344.2171517480812794983226576751774         6136.03915174808127949832265767519236      
   15379.5724908074086557183648757804195         6128.86249080740865571836487578043441      
   15414.9278298667360319384070938856615         6121.58782986673603193840709388567713      
   15450.2831689260634081584493119909035         6114.21516892606340815844931199091973      
   15485.6385079853907843784915300961455         6106.74450798539078437849153009616222      
   15520.9938470447181605985337482013876         6099.17584704471816059853374820140458      
   15556.3491861040455368185759663066296         6091.50918610404553681857596630664682      
   15591.7045251633729130386181844118716         6083.74452516337291303861818441188894      
   15627.0598642227002892586604025171136         6075.88186422270028925866040251713173      
   15662.4152032820276654787026206223557         6067.92120328202766547870262062237441      
   15697.7705423413550416987448387275977         6059.86254234135504169874483872761696      
   15733.1258814006824179187870568328397         6051.70588140068241791878705683285939      
   15768.4812204600097941388292749380818         6043.45122046000979413882927493810170      
   15803.8365595193371703588714930433238         6035.09855951933717035887149304334389      
   15839.1918985786645465789137111485658         6026.64789857866454657891371114858597      
   15874.5472376379919227989559292538078         6018.09923763799192279895592925382871      
   15909.9025766973192990189981473590499         6009.45257669731929901899814735907133      
   15945.2579157566466752390403654642919         6000.70791575664667523904036546431383      
   15980.6132548159740514590825835695339         5991.86525481597405145908258356955621      
   16015.9685938753014276791248016747760         5982.92459387530142767912480167479847      
   16051.3239329346288038991670197800180         5973.88593293462880389916701978004061      
   16086.6792719939561801192092378852600         5964.74927199395618011920923788528264      
   16122.0346110532835563392514559905020         5955.51461105328355633925145599052533      
   16157.3899501126109325592936740957441         5946.18195011261093255929367409576790      
   16192.7452891719383087793358922009861         5936.75128917193830877933589220101035      
   16228.1006282312656849993781103062281         5927.22262823126568499937811030625268      
   16263.4559672905930612194203284114702         5917.59596729059306121942032841149489      
   16298.8113063499204374394625465167122         5907.87130634992043743946254651673698      
   16334.1666454092478136595047646219542         5898.04864540924781365950476462197974      
   16369.5219844685751898795469827271962         5888.12798446857518987954698272722238      
   16404.8773235279025660995892008324398         5878.10932352790256609958920083246490      
   16440.2326625872299423196314189376834         5867.99266258722994231963141893770730      
   16475.5880016465573185396736370429271         5857.77800164655731853967363704294958      
   16510.9433407058846947597158551481707         5847.46534070588469475971585514819174      
   16546.2986797652120709797580732534143         5837.05467976521207097975807325343378      
   16581.6540188245394471998002913586579         5826.54601882453944719980029135867649      
   16617.0093578838668234198425094639015         5815.93935788386682341984250946391908      
   16652.3646969431941996398847275691451         5805.23469694319419963988472756916155      
   16687.7200360025215758599269456743887         5794.43203600252157585992694567440390      
   16723.0753750618489520799691637796323         5783.53137506184895207996916377964613      
   16758.4307141211763283000113818848759         5772.53271412117632830001138188488824      
   16793.7860531805037045200535999901195         5761.43605318050370452005359999013102      
   16829.1413922398310807400958180953631         5750.24139223983108074009581809537368      
   16864.4967312991584569601380362006067         5738.94873129915845696013803620061622      
   16899.8520703584858331801802543058503         5727.55807035848583318018025430585864      
   16935.2074094178132094002224724110939         5716.06940941781320940022247241110094      
   16970.5627484771405856202646905163375         5704.48274847714058562026469051634312      
   17005.9180875364679618403069086215811         5692.79808753646796184030690862158518      
   17041.2734265957953380603491267268247         5681.01542659579533806034912672682791      
   17076.6287656551227142803913448320684         5669.13476565512271428039134483207052      
   17111.9841047144500905004335629373120         5657.15610471445009050043356293731300      
   17147.3394437737774667204757810425556         5645.07944377377746672047578104255537      
   17182.6947828331048429405179991477992         5632.90478283310484294051799914779762      
   17218.0501218924322191605602172530428         5620.63212189243221916056021725303975      
   17253.4054609517595953806024353582864         5608.26146095175959538060243535828176      
   17288.7608000110869716006446534635300         5595.79280001108697160064465346352444      
   17324.1161390704143478206868715687736         5583.22613907041434782068687156876700      
   17359.4714781297417240407290896740172         5570.56147812974172404072908967400943      
   17394.8268171890691002607713077792608         5557.79881718906910026077130777925175      
   17430.1821562483964764808135258845044         5544.93815624839647648081352588449395      
   17465.5374953077238527008557439897480         5531.97949530772385270085574398973603      
   17500.8928343670512289208979620949916         5518.92283436705122892089796209497878      
   17536.2481734263786051409401802002352         5505.76817342637860514094018020022140      
   17571.6035124857059813609823983054788         5492.51551248570598136098239830546391      
   17606.9588515450333575810246164107224         5479.16485154503335758102461641070630      
   17642.3141906043607338010668345159660         5465.71619060436073380106683451594857      
   17677.6695296636881100211090526212096         5452.16952966368811002110905262119072      
   17713.0248687230154862411512707264533         5438.52486872301548624115127072643274      
   17748.3802077823428624611934888316969         5424.78220778234286246119348883167544      
   17783.7355468416702386812357069369405         5410.94154684167023868123570693691802      
   17819.0908859009976149012779250421841         5397.00288590099761490127792504216048      
   17854.4462249603249911213201431474277         5382.96622496032499112132014314740281      
   17889.8015640196523673413623612526713         5368.83156401965236734136236125264503      
   17925.1569030789797435614045793579149         5354.59890307897974356140457935788713      
   17960.5122421383071197814467974631585         5340.26824213830711978144679746312989      
   17995.8675811976344960014890155684021         5325.83958119763449600148901556837254      
   18031.2229202569618722215312336736457         5311.31292025696187222153123367361507      
   18066.5782593162892484415734517788893         5296.68825931628924844157345177885747      
   18101.9335983756166246616156698841329         5281.96559837561662466161566988409976      
   18137.2889374349440008816578879893765         5267.14493743494400088165788798934193      
   18172.6442764942713771017001060946201         5252.22627649427137710170010609458397      
   18207.9996155535987533217423241998637         5237.20961555359875332174232419982669      
   18243.3549546129261295417845423051073         5222.09495461292612954178454230506929      
   18278.7102936722535057618267604103509         5206.88229367225350576182676041031176      
   18314.0656327315808819818689785155946         5191.57163273158088198186897851555412      
   18349.4209717909082582019111966208382         5176.16297179090825820191119662079635      
   18384.7763108502356344219534147260818         5160.65631085023563442195341472603847      
   18420.1316499095630106419956328313254         5145.05164990956301064199563283128126      
   18455.4869889688903868620378509365690         5129.34898896889038686203785093652392      
   18490.8423280282177630820800690418126         5113.54832802821776308208006904176647      
   18526.1976670875451393021222871470562         5097.64966708754513930212228714700889      
   18561.5530061468725155221645052522998         5081.65300614687251552216450525225120      
   18596.9083452061998917422067233575434         5065.55834520619989174220672335749338      
   18632.2636842655272679622489414627870         5049.36568426552726796224894146273545      
   18667.6190233248546441822911595680306         5033.07502332485464418229115956797819      
   18702.9743623841820204023333776732742         5016.68636238418202040233337767322080      
   18738.3297014435093966223755957785178         5000.19970144350939662237559577846330      
   18773.6850405028367728424178138837614         4983.61504050283677284241781388370567      
   18809.0403795621641490624600319890050         4966.93237956216414906246003198894793      
   18844.3957186214915252825022500942486         4950.15171862149152528250225009419006      
   18879.7510576808189015025444681994922         4933.27305768081890150254446819943286      
   18915.1063967401462777225866863047358         4916.29639674014627772258668630467555      
   18950.4617357994736539426289044099795         4899.22173579947365394262890440991811      
   18985.8170748588010301626711225152231         4882.04907485880103016267112251516056      
   19021.1724139181284063827133406204667         4864.77841391812840638271334062040288      
   19056.5277529774557826027555587257103         4847.40975297745578260275555872564509      
   19091.8830920367831588227977768309539         4829.94309203678315882279777683088717      
   19127.2384310961105350428399949361975         4812.37843109611053504283999493612993      
   19162.5937701554379112628822130414411         4794.71577015543791126288221304137256      
   19197.9491092147652874829244311466847         4776.95510921476528748292443114661507      
   19233.3044482740926637029666492519283         4759.09644827409266370296664925185747      
   19268.6597873334200399230088673571719         4741.13978733342003992300886735709974      
   19304.0151263927474161430510854624155         4723.08512639274741614305108546234190      
   19339.3704654520747923630933035676591         4704.93246545207479236309330356758472      
   19374.7258045114021685831355216729027         4686.68180451140216858313552167282742      
   19410.0811435707295448031777397781463         4668.33314357072954480317773977807001      
   19445.4364826300569210232199578833899         4649.88648263005692102321995788331247      
   19480.7918216893842972432621759886335         4631.34182168938429724326217598855481      
   19516.1471607487116734633043940938771         4612.69916074871167346330439409379704      
   19551.5024998080390496833466121991208         4593.95849980803904968334661219903914      
   19586.8578388673664259033888303043644         4575.11983886736642590338883030428191      
   19622.2131779266938021234310484096080         4556.18317792669380212343104840952457      
   19657.5685169860211783434732665148516         4537.14851698602117834347326651476710      
   19692.9238560453485545635154846200952         4518.01585604534855456351548462000951      
   19728.2791951046759307835577027253388         4498.78519510467593078355770272525181      
   19763.6345341640033070035999208305824         4479.45653416400330700359992083049398      
   19798.9898732233306832236421389358260         4460.02987322333068322364213893573603      
   19834.3452122826580594436843570410696         4440.50521228265805944368435704097875      
   19869.7005513419854356637265751463132         4420.88255134198543566372657514622136      
   19905.0558904013128118837687932515568         4401.16189040131281188376879325146384      
   19940.4112294606401881038110113568004         4381.34322946064018810381101135670620      
   19975.7665685199675643238532294620440         4361.42656851996756432385322946194844      
   20011.1219075792949405438954475672876         4341.41190757929494054389544756719057      
   20046.4772466386223167639376656725312         4321.29924663862231676393766567243336      
   20081.8325856979496929839798837777748         4301.08858569794969298397988377767603      
   20117.1879247572770692040221018830184         4280.77992475727706920402210188291858      
   20152.5432638166044454240643199882621         4260.37326381660444542406431998816101      
   20187.8986028759318216441065380935057         4239.86860287593182164410653809340333      
   20223.2539419352591978641487561987493         4219.26594193525919786414875619864552      
   20258.6092809945865740841909743039929         4198.56528099458657408419097430388759      
   20293.9646200539139503042331924092365         4177.76662005391395030423319240913033      
   20329.3199591132413265242754105144801         4156.86995911324132652427541051437295      
   20364.6752981725687027443176286197237         4135.87529817256870274431762861961545      
   20400.0306372318960789643598467249673         4114.78263723189607896435984672485784      
   20435.3859762912234551844020648302109         4093.59197629122345518440206483010010      
   20470.7413153505508314044442829354545         4072.30331535055083140444428293534263      
   20506.0966544098782076244865010406981         4050.91665440987820762448650104058505      
   20541.4519934692055838445287191459417         4029.43199346920558384452871914582735      
   20576.8073325285329600645709372511853         4007.84933252853296006457093725106992      
   20612.1626715878603362846131553564289         3986.16867158786033628461315535631237      
   20647.5180106471877125046553734616725         3964.39001064718771250465537346155470      
   20682.8733497065150887246975915669161         3942.51334970651508872469759156679730      
   20718.2286887658424649447398096721597         3920.53868876584246494473980967203979      
   20753.5840278251698411647820277774033         3898.46602782516984116478202777728215      
   20788.9393668844972173848242458826470         3876.29536688449721738482424588252479      
   20824.2947059438245936048664639878906         3854.02670594382459360486646398776731      
   20859.6500450031519698249086820931342         3831.66004500315196982490868209300972      
   20895.0053840624793460449509001983778         3809.19538406247934604495090019825200      
   20930.3607231218067222649931183036214         3786.63272312180672226499311830349455      
   20965.7160621811340984850353364088650         3763.97206218113409848503533640873699      
   21001.0714012404614747050775545141086         3741.21340124046147470507755451397930      
   21036.4267402997888509251197726193522         3718.35674029978885092511977261922189      
   21071.7820793591162271451619907245958         3695.40207935911622714516199072446436      
   21107.1374184184436033652042088298394         3672.34941841844360336520420882970671      
   21142.4927574777709795852464269350830         3649.19875747777097958524642693494933      
   21177.8480965370983558052886450403266         3625.95009653709835580528864504019184      
   21213.2034355964257320253308631455702         3602.60343559642573202533086314543422      
   21248.5587746557531082453730812508138         3579.15877465575310824537308125067688      
   21283.9141137150804844654152993560574         3555.61611371508048446541529935591942      
   21319.2694527744078606854575174613010         3531.97545277440786068545751746116184      
   21354.6247918337352369054997355665446         3508.23679183373523690549973556640414      
   21389.9801308930626131255419536717883         3484.40013089306261312554195367164671      
   21425.3354699523899893455841717770319         3460.46546995238998934558417177688917      
   21460.6908090117173655656263898822755         3436.43280901171736556562638988213150      
   21496.0461480710447417856686079875191         3412.30214807104474178566860798737411      
   21531.4014871303721180057108260927627         3388.07348713037211800571082609261660      
   21566.7568261896994942257530441980063         3363.74682618969949422575304419785897      
   21602.1121652490268704457952623032499         3339.32216524902687044579526230310161      
   21637.4675043083542466658374804084935         3314.79950430835424666583748040834414      
   21672.8228433676816228858796985137371         3290.17884336768162288587969851358654      
   21708.1781824270089991059219166189807         3265.46018242700899910592191661882922      
   21743.5335214863363753259641347242243         3240.64352148633637532596413472407178      
   21778.8888605456637515460063528294679         3215.72886054566375154600635282931421      
   21814.2441996049911277660485709347115         3190.71619960499112776604857093455653      
   21849.5995386643185039860907890399551         3165.60553866431850398609078903979912      
   21884.9548777236458802061330071451987         3140.39687772364588020613300714504160      
   21920.3102167829732564261752252504423         3115.09021678297325642617522525028395      
   21955.6655558423006326462174433556859         3089.68555584230063264621744335552658      
   21991.0208949016280088662596614609295         3064.18289490162800886625966146076909      
   22026.3762339609553850863018795661732         3038.58223396095538508630187956601147      
   22061.7315730202827613063440976714168         3012.88357302028276130634409767125414      
   22097.0869120796101375263863157766604         2987.08691207961013752638631577649668      
   22132.4422511389375137464285338819040         2961.19225113893751374642853388173910      
   22167.7975901982648899664707519871476         2935.19959019826488996647075198698140      
   22203.1529292575922661865129700923912         2909.10892925759226618651297009222398      
   22238.5082683169196424065551881976348         2882.92026831691964240655518819746644      
   22273.8636073762470186265974063028784         2856.63360737624701862659740630270877      
   22309.2189464355743948466396244081220         2830.24894643557439484663962440795139      
   22344.5742854949017710666818425133656         2803.76628549490177106668184251319388      
   22379.9296245542291472867240606186092         2777.18562455422914728672406061843625      
   22415.2849636135565235067662787238528         2750.50696361355652350676627872367890      
   22450.6403026728838997268084968290964         2723.73030267288389972680849682892142      
   22485.9956417322112759468507149343400         2696.85564173221127594685071493416383      
   22521.3509807915386521668929330395836         2669.88298079153865216689293303940612      
   22556.7063198508660283869351511448272         2642.81231985086602838693515114464868      
   22592.0616589101934046069773692500708         2615.64365891019340460697736924989112      
   22627.4169979695207808270195873553145         2588.37699796952078082701958735513344      
   22662.7723370288481570470618054605581         2561.01233702884815704706180546037604      
   22698.1276760881755332671040235658017         2533.54967608817553326710402356561851      
   22733.4830151475029094871462416710453         2505.98901514750290948714624167086087      
   22768.8383542068302857071884597762889         2478.33035420683028570718845977610350      
   22804.1936932661576619272306778815325         2450.57369326615766192723067788134601      
   22839.5490323254850381472728959867761         2422.71903232548503814727289598658840      
   22874.9043713848124143673151140920197         2394.76637138481241436731511409183067      
   22910.2597104441397905873573321972633         2366.71571044413979058735733219707322      
   22945.6150495034671668073995503025069         2338.56704950346716680739955030231564      
   22980.9703885627945430274417684077505         2310.32038856279454302744176840755795      
   23016.3257276221219192474839865129941         2281.97572762212191924748398651280053      
   23051.6810666814492954675262046182377         2253.53306668144929546752620461804299      
   23087.0364057407766716875684227234813         2224.99240574077667168756842272328533      
   23122.3917448001040479076106408287249         2196.35374480010404790761064082852795      
   23157.7470838594314241276528589339685         2167.61708385943142412765285893377044      
   23193.1024229187588003476950770392121         2138.78242291875880034769507703901282      
   23228.4577619780861765677372951444558         2109.84976197808617656773729514425507      
   23263.8131010374135527877795132496994         2080.81910103741355278777951324949760      
   23299.1684400967409290078217313549430         2051.69044009674092900782173135474001      
   23334.5237791560683052278639494601866         2022.46377915606830522786394945998250      
   23369.8791182153956814479061675654302         1993.13911821539568144790616756522486      
   23405.2344572747230576679483856706738         1963.71645727472305766794838567046731      
   23440.5897963340504338879906037759174         1934.19579633405043388799060377570983      
   23475.9451353933778101080328218811610         1904.57713539337781010803282188095223      
   23511.3004744527051863280750399864046         1874.86047445270518632807503998619471      
   23546.6558135120325625481172580916482         1845.04581351203256254811725809143707      
   23582.0111525713599387681594761968918         1815.13315257135993876815947619667951      
   23617.3664916306873149882016943021354         1785.12249163068731498820169430192202      
   23652.7218306900146912082439124073790         1755.01383069001469120824391240716442      
   23688.0771697493420674282861305126226         1724.80716974934206742828613051240689      
   23723.4325088086694436483283486178662         1694.50250880866944364832834861764924      
   23758.7878478679968198683705667231098         1664.09984786799681986837056672289167      
   23794.1431869273241960884127848283534         1633.59918692732419608841278482813417      
   23829.4985259866515723084550029335970         1603.00052598665157230845500293337656      
   23864.8538650459789485284972210388407         1572.30386504597894852849722103861902      
   23900.2092041053063247485394391440843         1541.50920410530632474853943914386137      
   23935.5645431646337009685816572493279         1510.61654316463370096858165724910379      
   23970.9198822239610771886238753545715         1479.62588222396107718862387535434629      
   24006.2752212832884534086660934598151         1448.53722128328845340866609345958866      
   24041.6305603426158296287083115650587         1417.35056034261582962870831156483112      
   24076.9858994019432058487505296703023         1386.06589940194320584875052967007346      
   24112.3412384612705820687927477755459         1354.68323846127058206879274777531587      
   24147.6965775205979582888349658807895         1323.20257752059795828883496588055836      
   24183.0519165799253345088771839860331         1291.62391657992533450887718398580073      
   24218.4072556392527107289194020912767         1259.94725563925271072891940209104318      
   24253.7625946985800869489616201965203         1228.17259469858008694896162019628550      
   24289.1179337579074631690038383017639         1196.29993375790746316900383830152791      
   24324.4732728172348393890460564070075         1164.32927281723483938904605640677039      
   24359.8286118765622156090882745122511         1132.26061187656221560908827451201275      
   24395.1839509358895918291304926174947         1100.09395093588959182913049261725519      
   24430.5392899952169680491727107227383         1067.82928999521696804917271072249751      
   24465.8946290545443442692149288279820         1035.46662905454434426921492882773991      
   24501.2499681138717204892571469332256         1003.00596811387172048925714693298229      
   24536.6053071731990967092993650384692         970.447307173199096709299365038224642      
   24571.9606462325264729293415831437128         937.790646232526472929341583143466976      
   24607.3159852918538491493838012489564         905.035985291853849149383801248709386      
   24642.6713243511812253694260193542000         872.183324351181225369426019353951776      
   24678.0266634105086015894682374594436         839.232663410508601589468237459194144      
   24713.3820024698359778095104555646872         806.184002469835977809510455564436490      
   24748.7373415291633540295526736699308         773.037341529163354029552673669678914      
   24784.0926805884907302495948917751744         739.792680588490730249594891774921317      
   24819.4480196478181064696371098804180         706.450019647818106469637109880163699      
   24854.8033587071454826896793279856616         673.009358707145482689679327985406059      
   24890.1586977664728589097215460909052         639.470697766472858909721546090648398      
   24925.5140368258002351297637641961488         605.834036825800235129763764195890814      
   24960.8693758851276113498059823013924         572.099375885127611349805982301133209      
   24996.2247149444549875698482004066360         538.266714944454987569848200406375582      
   25031.5800540037823637898904185118796         504.336054003782363789890418511617934      
   25066.9353930631097400099326366171232         470.307393063109740009932636616860315      
   25102.2907321224371162299748547223669         436.180732122437116229974854722102674      
   25137.6460711817644924500170728276105         401.956071181764492450017072827345011      
   25173.0014102410918686700592909328541         367.633410241091868670059290932587377      
   25208.3567493004192448901015090380977         333.212749300419244890101509037829721      
   25243.7120883597466211101437271433413         298.694088359746621110143727143072094      
   25279.0674274190739973301859452485849         264.077427419073997330185945248314445      
   25314.4227664784013735502281633538285         229.362766478401373550228163353556799      
   25349.7781055377287497702703814590721         194.550105537728749770270381458799132      
   25385.1334445970561259903125995643157         159.639444597056125990312599564041469      
   25420.4887836563835022103548176695593         124.630783656383502210354817669283808      
   25455.8441227157108784303970357748029         89.5241227157108784303970357745261516      
   25491.1994617750382546504392538800465         54.3194617750382546504392538797684919      
   25526.5548008343656308704814719852901         19.0168008343656308704814719850108295      
   25545.5472553099888153922078145740777         0.00000000000000000000000000000000000      
